    1         0.232676E+07        0.232676E+07        0.232676E+07
    2         0.203061E+07        0.203061E+07        0.203061E+07
    3         0.177216E+07        0.177216E+07        0.177216E+07
    4         0.154633E+07        0.154633E+07        0.154633E+07
    5         0.134841E+07        0.134841E+07        0.134841E+07
    6         0.117429E+07        0.117429E+07        0.117429E+07
    7         0.102076E+07        0.102076E+07        0.102076E+07
    8         0.885682E+06        0.885682E+06        0.885682E+06
    9         0.767815E+06        0.767815E+06        0.767815E+06
   10         0.666280E+06        0.666280E+06        0.666280E+06
   11         0.580022E+06        0.580022E+06        0.580022E+06
   12         0.507468E+06        0.507468E+06        0.507468E+06
   13         0.446518E+06        0.446518E+06        0.446518E+06
   14         0.394796E+06        0.394796E+06        0.394796E+06
   15         0.350000E+06        0.350000E+06        0.350000E+06
   16         0.310211E+06        0.310211E+06        0.310211E+06
   17         0.274054E+06        0.274054E+06        0.274054E+06
   18         0.240710E+06        0.240710E+06        0.240710E+06
   19         0.209823E+06        0.209823E+06        0.209823E+06
   20         0.181340E+06        0.181340E+06        0.181340E+06
   21         0.155359E+06        0.155359E+06        0.155359E+06
   22         0.132001E+06        0.132001E+06        0.132001E+06
   23         0.111336E+06        0.111336E+06        0.111336E+06
   24         0.933387E+05        0.933387E+05        0.933387E+05
   25         0.778912E+05        0.778912E+05        0.778912E+05
   26         0.647981E+05        0.647981E+05        0.647981E+05
   27         0.538133E+05        0.538133E+05        0.538133E+05
   28         0.446670E+05        0.446670E+05        0.446670E+05
   29         0.370891E+05        0.370891E+05        0.370891E+05
   30         0.308256E+05        0.308256E+05        0.308256E+05
   31         0.256486E+05        0.256486E+05        0.256486E+05
   32         0.213615E+05        0.213615E+05        0.213615E+05
   33         0.177993E+05        0.177993E+05        0.177993E+05
   34         0.148268E+05        0.148268E+05        0.148268E+05
   35         0.123350E+05        0.123350E+05        0.123350E+05
   36         0.102370E+05        0.102370E+05        0.102370E+05
   37         0.846389E+04        0.846389E+04        0.846389E+04
   38         0.696133E+04        0.696133E+04        0.696133E+04
   39         0.568608E+04        0.568608E+04        0.568608E+04
   40         0.460356E+04        0.460356E+04        0.460356E+04
   41         0.368578E+04        0.368578E+04        0.368578E+04
   42         0.290975E+04        0.290975E+04        0.290975E+04
   43         0.225630E+04        0.225630E+04        0.225630E+04
   44         0.170916E+04        0.170916E+04        0.170916E+04
   45         0.125437E+04        0.125437E+04        0.125437E+04
   46         0.879764E+03        0.879764E+03        0.879764E+03
   47         0.574654E+03        0.574654E+03        0.574654E+03
   48         0.329581E+03        0.329581E+03        0.329581E+03
   49         0.136132E+03        0.136132E+03        0.136132E+03
   50        -0.131857E+02       -0.131857E+02       -0.131857E+02
   51        -0.125054E+03       -0.125054E+03       -0.125054E+03
   52        -0.205418E+03       -0.205418E+03       -0.205418E+03
   53        -0.259560E+03       -0.259560E+03       -0.259560E+03
   54        -0.292147E+03       -0.292147E+03       -0.292147E+03
   55        -0.307293E+03       -0.307293E+03       -0.307293E+03
   56        -0.308596E+03       -0.308596E+03       -0.308596E+03
   57        -0.299187E+03       -0.299187E+03       -0.299187E+03
   58        -0.281771E+03       -0.281771E+03       -0.281771E+03
   59        -0.258667E+03       -0.258667E+03       -0.258667E+03
   60        -0.231843E+03       -0.231843E+03       -0.231843E+03
   61        -0.202956E+03       -0.202956E+03       -0.202956E+03
   62        -0.173382E+03       -0.173382E+03       -0.173382E+03
   63        -0.144249E+03       -0.144249E+03       -0.144249E+03
   64        -0.116467E+03       -0.116467E+03       -0.116467E+03
   65        -0.907585E+02       -0.907585E+02       -0.907585E+02
   66        -0.676771E+02       -0.676771E+02       -0.676771E+02
   67        -0.476364E+02       -0.476364E+02       -0.476364E+02
   68        -0.309285E+02       -0.309285E+02       -0.309285E+02
   69        -0.177434E+02       -0.177434E+02       -0.177434E+02
   70        -0.818546E+01       -0.818546E+01       -0.818546E+01
   71        -0.228872E+01       -0.228872E+01       -0.228872E+01
   72        -0.296638E-01       -0.296638E-01       -0.296638E-01
   73         0.000000E+00        0.000000E+00        0.000000E+00
   74         0.000000E+00        0.000000E+00        0.000000E+00
   75         0.000000E+00        0.000000E+00        0.000000E+00
   76         0.000000E+00        0.000000E+00        0.000000E+00
   77         0.000000E+00        0.000000E+00        0.000000E+00
   78         0.000000E+00        0.000000E+00        0.000000E+00
   79         0.000000E+00        0.000000E+00        0.000000E+00
   80         0.000000E+00        0.000000E+00        0.000000E+00
   81         0.000000E+00        0.000000E+00        0.000000E+00
   82         0.000000E+00        0.000000E+00        0.000000E+00
   83         0.000000E+00        0.000000E+00        0.000000E+00
   84         0.000000E+00        0.000000E+00        0.000000E+00
   85         0.000000E+00        0.000000E+00        0.000000E+00
   86         0.000000E+00        0.000000E+00        0.000000E+00
   87         0.000000E+00        0.000000E+00        0.000000E+00
   88         0.000000E+00        0.000000E+00        0.000000E+00
   89         0.000000E+00        0.000000E+00        0.000000E+00
   90         0.000000E+00        0.000000E+00        0.000000E+00
   91         0.000000E+00        0.000000E+00        0.000000E+00
   92         0.000000E+00        0.000000E+00        0.000000E+00
   93         0.000000E+00        0.000000E+00        0.000000E+00
   94         0.000000E+00        0.000000E+00        0.000000E+00
   95         0.000000E+00        0.000000E+00        0.000000E+00
   96         0.000000E+00        0.000000E+00        0.000000E+00
   97         0.000000E+00        0.000000E+00        0.000000E+00
   98         0.000000E+00        0.000000E+00        0.000000E+00
   99         0.000000E+00        0.000000E+00        0.000000E+00
  100         0.000000E+00        0.000000E+00        0.000000E+00
  101         0.000000E+00        0.000000E+00        0.000000E+00
  102         0.000000E+00        0.000000E+00        0.000000E+00
  103         0.000000E+00        0.000000E+00        0.000000E+00
  104         0.000000E+00        0.000000E+00        0.000000E+00
  105         0.000000E+00        0.000000E+00        0.000000E+00
  106         0.000000E+00        0.000000E+00        0.000000E+00
  107         0.000000E+00        0.000000E+00        0.000000E+00
  108         0.000000E+00        0.000000E+00        0.000000E+00
  109         0.000000E+00        0.000000E+00        0.000000E+00
  110         0.000000E+00        0.000000E+00        0.000000E+00
  111         0.000000E+00        0.000000E+00        0.000000E+00
  112         0.000000E+00        0.000000E+00        0.000000E+00
  113         0.000000E+00        0.000000E+00        0.000000E+00
  114         0.000000E+00        0.000000E+00        0.000000E+00
  115         0.000000E+00        0.000000E+00        0.000000E+00
  116         0.000000E+00        0.000000E+00        0.000000E+00
  117         0.000000E+00        0.000000E+00        0.000000E+00
  118         0.000000E+00        0.000000E+00        0.000000E+00
  119         0.000000E+00        0.000000E+00        0.000000E+00
  120         0.000000E+00        0.000000E+00        0.000000E+00
  121         0.000000E+00        0.000000E+00        0.000000E+00
  122         0.000000E+00        0.000000E+00        0.000000E+00
  123         0.000000E+00        0.000000E+00        0.000000E+00
  124         0.000000E+00        0.000000E+00        0.000000E+00
  125         0.000000E+00        0.000000E+00        0.000000E+00
  126         0.000000E+00        0.000000E+00        0.000000E+00
  127         0.000000E+00        0.000000E+00        0.000000E+00
  128         0.000000E+00        0.000000E+00        0.000000E+00
  129         0.000000E+00        0.000000E+00        0.000000E+00
  130         0.000000E+00        0.000000E+00        0.000000E+00
  131         0.000000E+00        0.000000E+00        0.000000E+00
  132         0.000000E+00        0.000000E+00        0.000000E+00
  133         0.000000E+00        0.000000E+00        0.000000E+00
  134         0.000000E+00        0.000000E+00        0.000000E+00
  135         0.000000E+00        0.000000E+00        0.000000E+00
  136         0.000000E+00        0.000000E+00        0.000000E+00
  137         0.000000E+00        0.000000E+00        0.000000E+00
  138         0.000000E+00        0.000000E+00        0.000000E+00
  139         0.000000E+00        0.000000E+00        0.000000E+00
  140         0.000000E+00        0.000000E+00        0.000000E+00
  141         0.000000E+00        0.000000E+00        0.000000E+00
  142         0.000000E+00        0.000000E+00        0.000000E+00
  143         0.000000E+00        0.000000E+00        0.000000E+00
  144         0.000000E+00        0.000000E+00        0.000000E+00
  145         0.000000E+00        0.000000E+00        0.000000E+00
  146         0.000000E+00        0.000000E+00        0.000000E+00
  147         0.000000E+00        0.000000E+00        0.000000E+00
  148         0.000000E+00        0.000000E+00        0.000000E+00
  149         0.000000E+00        0.000000E+00        0.000000E+00
  150         0.000000E+00        0.000000E+00        0.000000E+00
  151         0.000000E+00        0.000000E+00        0.000000E+00
  152         0.000000E+00        0.000000E+00        0.000000E+00
  153         0.000000E+00        0.000000E+00        0.000000E+00
  154         0.000000E+00        0.000000E+00        0.000000E+00
  155         0.000000E+00        0.000000E+00        0.000000E+00
  156         0.000000E+00        0.000000E+00        0.000000E+00
  157         0.000000E+00        0.000000E+00        0.000000E+00
  158         0.000000E+00        0.000000E+00        0.000000E+00
  159         0.000000E+00        0.000000E+00        0.000000E+00
  160         0.000000E+00        0.000000E+00        0.000000E+00
  161         0.000000E+00        0.000000E+00        0.000000E+00
  162         0.000000E+00        0.000000E+00        0.000000E+00
  163         0.000000E+00        0.000000E+00        0.000000E+00
  164         0.000000E+00        0.000000E+00        0.000000E+00
  165         0.000000E+00        0.000000E+00        0.000000E+00
  166         0.000000E+00        0.000000E+00        0.000000E+00
  167         0.000000E+00        0.000000E+00        0.000000E+00
  168         0.000000E+00        0.000000E+00        0.000000E+00
  169         0.000000E+00        0.000000E+00        0.000000E+00
  170         0.000000E+00        0.000000E+00        0.000000E+00
  171         0.000000E+00        0.000000E+00        0.000000E+00
  172         0.000000E+00        0.000000E+00        0.000000E+00
  173         0.000000E+00        0.000000E+00        0.000000E+00
  174         0.000000E+00        0.000000E+00        0.000000E+00
  175         0.000000E+00        0.000000E+00        0.000000E+00
  176         0.000000E+00        0.000000E+00        0.000000E+00
  177         0.000000E+00        0.000000E+00        0.000000E+00
  178         0.000000E+00        0.000000E+00        0.000000E+00
  179         0.000000E+00        0.000000E+00        0.000000E+00
  180         0.000000E+00        0.000000E+00        0.000000E+00
  181         0.000000E+00        0.000000E+00        0.000000E+00
  182         0.000000E+00        0.000000E+00        0.000000E+00
  183         0.000000E+00        0.000000E+00        0.000000E+00
  184         0.000000E+00        0.000000E+00        0.000000E+00
  185         0.000000E+00        0.000000E+00        0.000000E+00
  186         0.000000E+00        0.000000E+00        0.000000E+00
  187         0.000000E+00        0.000000E+00        0.000000E+00
  188         0.000000E+00        0.000000E+00        0.000000E+00
  189         0.000000E+00        0.000000E+00        0.000000E+00
  190         0.000000E+00        0.000000E+00        0.000000E+00
  191         0.000000E+00        0.000000E+00        0.000000E+00
  192         0.000000E+00        0.000000E+00        0.000000E+00
  193         0.000000E+00        0.000000E+00        0.000000E+00
  194         0.000000E+00        0.000000E+00        0.000000E+00
  195         0.000000E+00        0.000000E+00        0.000000E+00
  196         0.000000E+00        0.000000E+00        0.000000E+00
  197         0.000000E+00        0.000000E+00        0.000000E+00
  198         0.000000E+00        0.000000E+00        0.000000E+00
  199         0.000000E+00        0.000000E+00        0.000000E+00
  200         0.000000E+00        0.000000E+00        0.000000E+00
