   63.947434516526343     
   63.804584003062566     
   63.381078810541041     
   62.691982532681401     
   61.760058863405959     
   60.613208524635382     
   59.281617907103680     
   57.795239618717055     
   56.181928215089265     
   54.466338400140216     
   52.669532950929991     
   50.809096877861464     
   48.899554916346560     
   46.952938507704921     
   44.979368824996683     
   42.987575086939216     
   40.985313240784322     
   38.979677492104521     
   36.977324320246389     
   34.984614381284267     
   33.007689817446433     
   31.052511953772900     
   29.124868915999262     
   27.230363854572108     
   25.374391899399175     
   23.562112860681758     
   21.798422352132508     
   20.087923420417962     
   18.434900746065924     
   16.843297225952334     
   15.316691238036388     
   13.858274094007772     
   12.470826121235392     
   11.156691638683451     
   9.9177473344350471     
   8.7553671847241326     
   7.6703893026377550     
   6.6630861434444153     
   5.7331468042337930     
   4.8796798860842410     
   4.1012424698862997     
   3.3958932176767971     
   2.7612588439733021     
   2.1946019572413609     
   1.6928813179987749     
   1.2527976337895930     
  0.87082880652698558     
  0.54326168618868098     
  0.26622776281711402     
   3.5747131161723705E-002
 -0.15222075252618478     
 -0.30172016122285006     
 -0.41673907881797678     
 -0.50115269176519339     
 -0.55867349561587687     
 -0.59281031730281997     
 -0.60683748472053545     
 -0.60377411411787874     
 -0.58637349357571256     
 -0.55712039863304774     
 -0.51823482072410576     
 -0.47168091633069092     
 -0.41917982453458696     
 -0.36222501573123872     
 -0.30210021315270197     
 -0.23990090251847501     
 -0.17656506298279712     
 -0.11291946137197059     
  -4.9748516132549735E-002
   1.2112329586891818E-002
   7.1671184091159898E-002
  0.12768995770479724     
  0.17864741791903990     
  0.22278713597323127     
  0.25826141840204281     
  0.28335249996255918     
  0.29672591251549807     
  0.29765791188992929     
  0.28618515359634300     
  0.26314541032339067     
  0.23010579485197821     
  0.18919930891425366     
  0.14290594182250943     
   9.3818908081920518E-002
   4.4431768663564360E-002
  -3.0298293730451299E-003
  -4.6720202871101617E-002
  -8.5229304908068612E-002
 -0.11758977842909978     
 -0.14324745290417887     
 -0.16200860529817665     
 -0.17397560888667199     
 -0.17948035600508513     
 -0.17902203187659693     
 -0.17321311925431757     
 -0.16273514448827292     
 -0.14830434716112370     
 -0.13064624759332638     
 -0.11047793901072830     
  -8.8496286882187011E-002
  -6.5370566335872834E-002
  -4.1738213106009003E-002
  -1.8202544292122841E-002
   4.6685962730043697E-003
   2.6344157349133354E-002
   4.6332096622552388E-002
   6.4183307203920778E-002
   7.9497691111751687E-002
   9.1931983153633670E-002
  0.10120797037605522     
  0.10712002174054716     
  0.10954195829167367     
  0.10843464532015987     
  0.10385554040621121     
   9.5969845692329650E-002
   8.5060461987571626E-002
   7.1532574077335459E-002
   5.5908292798481890E-002
   3.8808817765194521E-002
   2.0924272403765997E-002
   2.9743110803891232E-003
  -1.4335492364556307E-002
  -3.0355847170426692E-002
  -4.4529425204073284E-002
  -5.6416489270157681E-002
  -6.5708980876503606E-002
  -7.2233388846522140E-002
  -7.5944028636934793E-002
  -7.6909270317171319E-002
  -7.5293332122239404E-002
  -7.1336318489254008E-002
  -6.5334354616356186E-002
  -5.7621215601582045E-002
  -4.8552313451850043E-002
  -3.8491351511196197E-002
  -2.7799540315603714E-002
  -1.6827111208275250E-002
  -5.9066819139158757E-003
   4.6519387166100816E-003
   1.4565954629364426E-002
   2.3583140485249187E-002
   3.1484979485871256E-002
   3.8089535455959424E-002
   4.3254082077725353E-002
   4.6877471475740937E-002
   4.8902110088081603E-002
   4.9315407568086410E-002
   4.8150488900080619E-002
   4.5486126208382022E-002
   4.1445526825327789E-002
   3.6193647881907431E-002
   2.9932803994119940E-002
   2.2896564794952039E-002
   1.5341986852814597E-002
   7.5403691415020400E-003
  -2.3311636211540047E-004
  -7.7103628578890221E-003
  -1.4641236795645914E-002
  -2.0803726730959770E-002
  -2.6012601433912562E-002
  -3.0125977237543025E-002
  -3.3049360973420996E-002
  -3.4737083054956860E-002
  -3.5191148781707940E-002
  -3.4457849043897128E-002
  -3.2622613611823774E-002
  -2.9803677928491121E-002
  -2.6145078869875115E-002
  -2.1809491942534186E-002
  -1.6971272970338156E-002
  -1.1810012016527309E-002
  -6.5047203487228773E-003
  -1.2287271572381843E-003
   3.8547164219537890E-003
   8.5961698815917049E-003
   1.2863136913756833E-002
   1.6542665553335917E-002
   1.9543451819012389E-002
   2.1797465997677967E-002
   2.3261074049106073E-002
   2.3915671387765229E-002
   2.3767736923932602E-002
   2.2848282954456383E-002
   2.1211634876889568E-002
   1.8933539697767232E-002
   1.6108583580406680E-002
   1.2846953344975771E-002
   9.2706072253620955E-003
   5.5090101042108300E-003
   1.6945545972622098E-003
  -2.0421383183132492E-003
  -5.5768363592193764E-003
  -8.7960232390538202E-003
  -1.1600722356812409E-002
  -1.3909705191476803E-002
  -1.5661901005151167E-002
  -1.6817911924095472E-002
  -1.7360620990742252E-002
  -1.7294906164029390E-002
  -1.6646502375338355E-002
  -1.5460130326451042E-002
  -1.3797009854423618E-002
  -1.1731941656685696E-002
  -9.3500824789399025E-003
  -6.7435764409793028E-003
  -4.0081759581634593E-003
  -1.2399726648890837E-003
   1.4676792069035153E-003
   4.0269754823264890E-003
   6.3581628350591951E-003
   8.3916826482483952E-003
   1.0069930181641429E-002
   1.1348632173704775E-002
   1.2197801862729847E-002
   1.2602275034326345E-002
   1.2561808267297128E-002
   1.2090754687010537E-002
   1.1217310832623015E-002
   9.9823521437243847E-003
   8.4378733126982183E-003
   6.6451003948951089E-003
   4.6723005210857317E-003
   2.5923647230183598E-003
   4.8023916015959564E-004
  -1.5896968992505998E-003
  -3.5462058610600694E-003
  -5.3236411184699331E-003
  -6.8641571910253631E-003
  -8.1195868626770754E-003
  -9.0529303339706817E-003
  -9.6394090565065493E-003
  -9.8670419651381517E-003
  -9.7367448669621603E-003
  -9.2619548036747459E-003
  -8.4678359472774647E-003
  -7.3900895078193004E-003
  -6.0734364678897805E-003
  -4.5698398512237911E-003
  -2.9365457577840508E-003
  -1.2340063864680481E-003
   4.7623907076769465E-004
   2.1336642864043880E-003
   3.6807608875769342E-003
   5.0648985333607696E-003
   6.2400008811550845E-003
   7.1679762627382881E-003
   7.8198739890550911E-003
   8.1767286600195593E-003
   8.2300799682683591E-003
   7.9821443038187792E-003
   7.4456332280845305E-003
   6.6432148495320434E-003
   5.6066556546359335E-003
   4.3756477233194467E-003
   2.9963687158945499E-003
   1.5198185893761816E-003
