   0.000000    0.000000000000E+00    0.000000    0.195030005118E-01   -0.172013609118E+02    0.100000000000E+31
   0.062000    0.000000000000E+00    0.197933    0.197882757198E-01   -0.129830377778E+02    0.271421228655E+04
   0.124000    0.000000000000E+00    0.395866    0.204519226409E-01   -0.129710345139E+02    0.127735302376E+04
   0.186000    0.000000000000E+00    0.593799    0.214893302531E-01   -0.129539158242E+02    0.803966906618E+03
   0.248000    0.000000000000E+00    0.791732    0.232599660340E-01   -0.129272331440E+02    0.572638912685E+03
   0.310000    0.000000000000E+00    0.989665    0.258868832476E-01   -0.128895994709E+02    0.438329908579E+03
   0.372000    0.000000000000E+00    1.187598    0.296707013906E-01   -0.128370941563E+02    0.352171521956E+03
   0.434000    0.000000000000E+00    1.385531    0.354198761554E-01   -0.127591523065E+02    0.292929862407E+03
   0.496000    0.000000000000E+00    1.583464    0.441039231006E-01   -0.126429915924E+02    0.249870769923E+03
   0.558000    0.000000000000E+00    1.781397    0.582762890556E-01   -0.124548574875E+02    0.217029318712E+03
   0.620000    0.000000000000E+00    1.979330    0.837512826067E-01   -0.121178221733E+02    0.190890122992E+03
   0.682000    0.000000000000E+00    2.177263    0.133159798137E+00   -0.114647283197E+02    0.169308232029E+03
   0.744000    0.000000000000E+00    2.375196    0.260099713783E+00   -0.978641774771E+01    0.150948301240E+03
   0.806000    0.000000000000E+00    2.573129    0.734813102013E+00   -0.350783530122E+01    0.134968716979E+03
   0.868000    0.000000000000E+00    2.771062    0.213963016456E+01    0.150769927866E+02    0.120830653147E+03
   0.930000    0.000000000000E+00    2.968995    0.269926822046E+01    0.224824588544E+02    0.108182414283E+03
   0.992000   -0.355271367880E-14    3.166928    0.195301251096E+01    0.126077589925E+02    0.967857863162E+02
   1.054000    0.000000000000E+00    3.364861    0.110927435267E+01    0.144547141840E+01    0.864729383964E+02
   1.116000    0.000000000000E+00    3.562794    0.809785718847E+00   -0.251596517614E+01    0.771175091579E+02
   1.178000    0.000000000000E+00    3.760727    0.696481043063E+00   -0.401448042037E+01    0.686202047723E+02
   1.240000    0.000000000000E+00    3.958660    0.634090743004E+00   -0.483960184178E+01    0.608999071419E+02
   1.302000    0.284217094304E-13    4.156593    0.638627357794E+00   -0.477958910438E+01    0.538868552425E+02
   1.364000    0.316191517413E-11    4.354526    0.679228028473E+00   -0.424261025679E+01    0.475203545962E+02
   1.426000    0.194550153765E-09    4.552459    0.750688843444E+00   -0.329747175751E+01    0.417462139823E+02
   1.488000    0.729555793555E-08    4.750392    0.872793385359E+00   -0.168249874508E+01    0.365160915666E+02
   1.550000    0.174943586728E-06    4.948325    0.100736613236E+01    0.974309146598E-01    0.317859680736E+02
   1.612000    0.280283702736E-05    5.146258    0.115310666637E+01    0.202526617398E+01    0.275160382408E+02
   1.674000    0.312296239571E-04    5.344191    0.126091848950E+01    0.345164285796E+01    0.236698927673E+02
   1.736000    0.250993943233E-03    5.542124    0.125680104268E+01    0.339726602366E+01    0.202142998850E+02
   1.798000    0.150471176914E-02    5.740057    0.118205484681E+01    0.240834181982E+01    0.171186042496E+02
   1.860000    0.693607672216E-02    5.937990    0.106687961620E+01    0.884689540789E+00    0.143549429073E+02
   1.922000    0.252819959829E-01    6.135923    0.980317517821E+00   -0.260358400102E+00    0.118973681950E+02
   1.984000    0.747368634063E-01    6.333856    0.932504102912E+00   -0.892808353451E+00    0.972222239076E+01
   2.046000    0.183362832953E+00    6.531789    0.900923969606E+00   -0.131048363740E+01    0.780762939115E+01
   2.108000    0.381285429393E+00    6.729722    0.894957902018E+00   -0.138934199841E+01    0.613336668215E+01
   2.170000    0.684808717316E+00    6.927655    0.903669481362E+00   -0.127409630064E+01    0.468077575373E+01
   2.232000    0.108058139022E+01    7.125588    0.926611403830E+00   -0.970672773947E+00    0.343258563256E+01
   2.294000    0.152107554580E+01    7.323521    0.966877612206E+00   -0.438110091471E+00    0.237271285979E+01
   2.356000    0.193685038379E+01    7.521454    0.100555761567E+01    0.735153182491E-01    0.148587361170E+01
   2.418000    0.226000826060E+01    7.719387    0.104261892524E+01    0.563783042073E+00    0.757231990563E+00
   2.480000    0.244731892722E+01    7.917320    0.106358510427E+01    0.841162280741E+00    0.171722660806E+00
   2.542000    0.248770668077E+01    8.115253    0.106046758351E+01    0.799925690742E+00   -0.284926195562E+00
   2.604000    0.240040866671E+01    8.313186    0.104739875766E+01    0.627026337049E+00   -0.627100240153E+00
   2.666000    0.222087980472E+01    8.511119    0.102362917902E+01    0.312574344804E+00   -0.868399698272E+00
   2.728000    0.198961360872E+01    8.709052    0.100389663320E+01    0.515440119383E-01   -0.102237700368E+01
   2.790000    0.174137207833E+01    8.906985    0.990578469808E+00   -0.124622792790E+00   -0.110191715114E+01
   2.852000    0.150183130888E+01    9.104918    0.978512362588E+00   -0.284218556246E+00   -0.111972053962E+01
   2.914000    0.128641604101E+01    9.302851    0.974663445285E+00   -0.335122463178E+00   -0.108790622095E+01
   2.976000    0.110248781169E+01    9.500784    0.973189756711E+00   -0.354613137740E+00   -0.101815709692E+01
   3.038000    0.951675455429E+00    9.698718    0.976907933738E+00   -0.305436383335E+00   -0.921468277073E+00
   3.100000    0.832119361315E+00    9.896651    0.987079682570E+00   -0.170898696703E+00   -0.807813487066E+00
   3.162000    0.740433833707E+00   10.094584    0.996193573340E+00   -0.503489787054E-01   -0.686073063858E+00
   3.224000    0.672522961036E+00   10.292517    0.100719940937E+01    0.952314497354E-01   -0.563353064489E+00
   3.286000    0.624633963032E+00   10.490450    0.101355830460E+01    0.179346777418E+00   -0.445311809015E+00
   3.348000    0.593226221628E+00   10.688383    0.101417686969E+01    0.187529855914E+00   -0.335512052617E+00
   3.410000    0.575551379706E+00   10.886316    0.101336292001E+01    0.176762723458E+00   -0.236331568283E+00
   3.472000    0.569167350997E+00   11.084249    0.100786978595E+01    0.104099693108E+00   -0.148511877039E+00
   3.534000    0.572345460274E+00   11.282182    0.100401861105E+01    0.531565892623E-01   -0.723312182067E-01
   3.596000    0.583529607331E+00   11.480115    0.100088554306E+01    0.117130647578E-01   -0.715358076823E-02
   3.658000    0.601697713543E+00   11.678048    0.996983302636E+00   -0.399039408019E-01    0.475395440393E-01
   3.720000    0.625862880291E+00   11.875981    0.995993391950E+00   -0.529976666695E-01    0.927140892118E-01
   3.782000    0.655409514734E+00   12.073914    0.993839351581E+00   -0.814897311927E-01    0.129023288838E+00
   3.844000    0.689668036477E+00   12.271847    0.993600238780E+00   -0.846524949651E-01    0.157381750797E+00
   3.906000    0.728213496396E+00   12.469780    0.995398075708E+00   -0.608719257234E-01    0.178426795142E+00
   3.968000    0.770521229069E+00   12.667713    0.996550570531E+00   -0.456270201779E-01    0.192989270241E+00
   4.030000    0.816203900415E+00   12.865646    0.100002934637E+01    0.388291502488E-03    0.201720372323E+00
   4.092000    0.864745402051E+00   13.063579    0.100183559095E+01    0.242803912479E-01    0.205410957475E+00
   4.154000    0.915630951193E+00   13.261512    0.100266448463E+01    0.352446174599E-01    0.204765302720E+00
   4.216000    0.968160693386E+00   13.459445    0.100354923714E+01    0.469476775363E-01    0.200546670186E+00
   4.278000    0.102139668116E+01   13.657378    0.100200760575E+01    0.265558853539E-01    0.193520479363E+00
   4.340000    0.107411059855E+01   13.855311    0.100173464210E+01    0.229453116065E-01    0.184391381592E+00
   4.402000    0.112447960625E+01   14.053244    0.100099135508E+01    0.131135078005E-01    0.173982578223E+00
   4.464000    0.117042049836E+01   14.251177    0.999911993772E+00   -0.116376065898E-02    0.162864022427E+00
   4.526000    0.120910217838E+01   14.449110    0.100021285460E+01    0.281581251696E-02    0.151829125027E+00
   4.588000    0.124297232230E+01   14.647043    0.999021971588E+00   -0.129367444633E-01    0.137155103414E+00
   4.650000    0.127379139802E+01   14.844976    0.998859552142E+00   -0.150852345355E-01    0.116036256955E+00
   4.712000    0.129722137135E+01   15.042909    0.998887224194E+00   -0.147192689436E-01    0.907804441730E-01
   4.774000    0.130954959149E+01   15.240842    0.998415676505E+00   -0.209567103046E-01    0.635000509997E-01
   4.836000    0.130762400309E+01   15.438775    0.999579350694E+00   -0.556418089953E-02    0.365558993830E-01
   4.898000    0.129044562453E+01   15.636708    0.999726486548E+00   -0.361791324576E-02    0.116353309719E-01
   4.960000    0.125881444731E+01   15.834641    0.100025212161E+01    0.333497848142E-02   -0.990937372486E-02
   5.022000    0.121544044390E+01   16.032574    0.100089774022E+01    0.118748819329E-01   -0.273763445112E-01
   5.084000    0.116406647092E+01   16.230507    0.100024792594E+01    0.327947965495E-02   -0.404828342405E-01
   5.146000    0.110885362405E+01   16.428440    0.100062703614E+01    0.829418300271E-02   -0.493950650996E-01
   5.208000    0.105366116851E+01   16.626373    0.100022828229E+01    0.301967595942E-02   -0.545701519271E-01
   5.270000    0.100163018848E+01   16.824306    0.999969285846E+00   -0.406210643141E-03   -0.566451879226E-01
   5.332000    0.955030974631E+00   17.022239    0.100043839735E+01    0.579893211852E-02   -0.563453607349E-01
   5.394000    0.915235366466E+00   17.220172    0.999840513083E+00   -0.210960180441E-02   -0.543357446706E-01
   5.456000    0.882917062096E+00   17.418105    0.100011040291E+01    0.146036293599E-02   -0.512139027642E-01
   5.518000    0.858162665000E+00   17.616038    0.999922598497E+00   -0.102385852191E-02   -0.473957017465E-01
   5.580000    0.840714101281E+00   17.813971    0.999476408803E+00   -0.692588596504E-02   -0.431828586567E-01
   5.642000    0.830050542847E+00   18.011904    0.999954480549E+00   -0.602199036095E-03   -0.387099355263E-01
   5.704000    0.825554086716E+00   18.209837    0.999597133642E+00   -0.532905042982E-02   -0.340474722130E-01
   5.766000    0.826529878839E+00   18.407770    0.999960578588E+00   -0.521582643945E-03   -0.291791744741E-01
   5.828000    0.832298454306E+00   18.605703    0.100023773776E+01    0.314455320133E-02   -0.240956180794E-01
   5.890000    0.842181524207E+00   18.803636    0.999899790199E+00   -0.132565070757E-02   -0.187750537529E-01
   5.952000    0.855546557589E+00   19.001569    0.100032931095E+01    0.435599159021E-02   -0.132414658975E-01
   6.014000    0.871782782843E+00   19.199502    0.999936827582E+00   -0.835577742258E-03   -0.754057496680E-02
   6.076000    0.890318865220E+00   19.397435    0.999925891167E+00   -0.980219287758E-03   -0.176405659255E-02
   6.138000    0.910602299322E+00   19.595368    0.100018949879E+01    0.250667112983E-02    0.397390239184E-02
   6.200000    0.932102457945E+00   19.793301    0.999820379761E+00   -0.237584385121E-02    0.953438804187E-02
   6.262000    0.954298732306E+00   19.991234    0.100023696659E+01    0.313455497815E-02    0.147705876034E-01
   6.324000    0.976677276708E+00   20.189167    0.100004348846E+01    0.575324222381E-03    0.195360634773E-01
   6.386000    0.998730370869E+00   20.387100    0.999878477315E+00   -0.160735987798E-02    0.236924209230E-01
   6.448000    0.101995294688E+01   20.585033    0.100013321867E+01    0.176225071390E-02    0.271213550703E-01
   6.510000    0.103985399459E+01   20.782966    0.999711859105E+00   -0.381130444848E-02    0.297243305334E-01
   6.572000    0.105795771452E+01   20.980899    0.100001388839E+01    0.183771692288E-03    0.314345657992E-01
   6.634000    0.107382513160E+01   21.178832    0.100003456732E+01    0.457282926086E-03    0.322113930653E-01
   6.696000    0.108705847443E+01   21.376765    0.999883960138E+00   -0.153490060853E-02    0.320513736083E-01
   6.758000    0.109732531759E+01   21.574698    0.100024841296E+01    0.328589823298E-02    0.309800062802E-01
   6.820000    0.110435956597E+01   21.772631    0.999891342883E+00   -0.143725255357E-02    0.290617151983E-01
   6.882000    0.110797175151E+01   21.970564    0.100000751759E+01    0.994759183662E-04    0.263986284627E-01
   6.944000    0.110803700147E+01   22.168497    0.100006084526E+01    0.804922010456E-03    0.231467443338E-01
   7.006000    0.110452984136E+01   22.366430    0.999802658668E+00   -0.261026768457E-02    0.194905412746E-01
   7.068000    0.109754928933E+01   22.564363    0.100017388184E+01    0.230010386806E-02    0.156236379631E-01
   7.130000    0.108735316097E+01   22.762296    0.999961265933E+00   -0.512204469805E-03    0.117207880541E-01
   7.192000    0.107436493598E+01   22.960229    0.100000702897E+01    0.931633952331E-04    0.792598351628E-02
   7.254000    0.105916337312E+01   23.158162    0.100014641675E+01    0.193688881577E-02    0.434128144958E-02
   7.316000    0.104244761605E+01   23.356095    0.999810446247E+00   -0.250721699302E-02    0.102812048393E-02
   7.378000    0.102498618471E+01   23.554028    0.100007794535E+01    0.103104034521E-02   -0.198730544573E-02
   7.440000    0.100755826474E+01   23.751961    0.999942661374E+00   -0.758509329840E-03   -0.470439917454E-02
   7.502000    0.990894155976E+00   23.949894    0.999916609466E+00   -0.110322174652E-02   -0.713491804492E-02
   7.564000    0.975629974190E+00   24.147827    0.100017442860E+01    0.230697092070E-02   -0.929379254755E-02
   7.626000    0.962272883473E+00   24.345760    0.999890199767E+00   -0.145276031539E-02   -0.111879950178E-01
   7.688000    0.951188772136E+00   24.543693    0.100008913523E+01    0.117858513090E-02   -0.128144388411E-01
   7.750000    0.942598463830E+00   24.741626    0.100001381899E+01    0.182284534503E-03   -0.141556822140E-01
   7.812000    0.936591654751E+00   24.939559    0.999858704789E+00   -0.186950968160E-02   -0.151855884016E-01
   7.874000    0.933141638230E+00   25.137492    0.100012300691E+01    0.162657031749E-02   -0.158711449271E-01
   7.936000    0.932129472429E+00   25.335425    0.999892004094E+00   -0.142851801563E-02   -0.161813551475E-01
   7.998000    0.933363930244E+00   25.533358    0.100004831940E+01    0.639196581265E-03   -0.160905293224E-01
   8.060000    0.936604246154E+00   25.731291    0.100009398852E+01    0.124333186342E-02   -0.155859192122E-01
   8.122000    0.941575067739E+00   25.929224    0.999882578727E+00   -0.155305216531E-02   -0.146688583870E-01
   8.184000    0.947982715965E+00   26.127157    0.100011500479E+01    0.152139448417E-02   -0.133585293630E-01
   8.246000    0.955524660587E+00   26.325090    0.999905563103E+00   -0.124898247158E-02   -0.116900945774E-01
   8.308000    0.963899101155E+00   26.523023    0.999961198875E+00   -0.513057201923E-03   -0.971413814836E-02
   8.370000    0.972810755422E+00   26.720956    0.100009629368E+01    0.127390154990E-02   -0.749339937260E-02
   8.432000    0.981975541891E+00   26.918889    0.999890144182E+00   -0.145294373303E-02   -0.509927518011E-02
   8.494000    0.991124229517E+00   27.116822    0.100012165265E+01    0.160930087982E-02   -0.260820322713E-02
   8.556000    0.100000498155E+01   27.314755    0.999983524485E+00   -0.217831187410E-03   -0.975004198190E-04
   8.618000    0.100838652825E+01   27.512688    0.999935610374E+00   -0.851657392602E-03    0.235754774352E-02
   8.680000    0.101606019286E+01   27.710621    0.100009301755E+01    0.123040510624E-02    0.468740796769E-02
   8.742000    0.102284357549E+01   27.908554    0.999870384203E+00   -0.171451098077E-02    0.682989112320E-02
   8.804000    0.102858300346E+01   28.106487    0.100006461507E+01    0.854684906101E-03    0.873261318384E-02
   8.866000    0.103315729219E+01   28.304420    0.100002709563E+01    0.358408548291E-03    0.103535167103E-01
   8.928000    0.103648051409E+01   28.502353    0.999933433071E+00   -0.880486482544E-03    0.116616813544E-01
   8.990000    0.103850506249E+01   28.700287    0.100012100222E+01    0.160057843007E-02    0.126367970511E-01
   9.052000    0.103922314190E+01   28.898220    0.999901070232E+00   -0.130857667232E-02    0.132690270880E-01
   9.114000    0.103866817689E+01   29.096153    0.100001125422E+01    0.148895759911E-03    0.135574875052E-01
   9.176000    0.103691401211E+01   29.294086    0.100003411792E+01    0.451332301086E-03    0.135093855808E-01
   9.238000    0.103407320486E+01   29.492019    0.999900581486E+00   -0.131502709304E-02    0.131382019918E-01
   9.300000    0.103029274518E+01   29.689952    0.100011542610E+01    0.152682660277E-02    0.124625120119E-01
   9.362000    0.102574801812E+01   29.887885    0.999953453697E+00   -0.615675181369E-03    0.115047932474E-01
   9.424000    0.102063489996E+01   30.085818    0.999999084045E+00   -0.120967995695E-04    0.102907942188E-01
   9.486000    0.101516047167E+01   30.283751    0.100006787892E+01    0.897872133836E-03    0.884946200307E-02
   9.548000    0.100953334645E+01   30.481684    0.999885358108E+00   -0.151643946707E-02    0.721304828111E-02
   9.610000    0.100395416636E+01   30.679617    0.100007411794E+01    0.980367929764E-03    0.541745314324E-02
   9.672000    0.998606910125E+00   30.877550    0.999971021655E+00   -0.383354305360E-03    0.350282209945E-02
   9.734000    0.993652423007E+00   31.075483    0.999969569759E+00   -0.402574991370E-03    0.151353155254E-02
   9.796000    0.989224370414E+00   31.273416    0.100009936518E+01    0.131428713660E-02   -0.502280373704E-03
   9.858000    0.985427337044E+00   31.471349    0.999910362586E+00   -0.118574556718E-02   -0.249327325875E-02
   9.920000    0.982337728863E+00   31.669282    0.100005352272E+01    0.707979936807E-03   -0.440663025745E-02
   9.982000    0.980005220325E+00   31.867215    0.999992981888E+00   -0.928198990918E-04   -0.618949926288E-02
  10.044000    0.978454910461E+00   32.065148    0.999927208017E+00   -0.962840460442E-03   -0.779137401083E-02
  10.106000    0.977687996373E+00   32.263081    0.100009156498E+01    0.121120058062E-02   -0.916594168799E-02
  10.168000    0.977682102626E+00   32.461014    0.999929042649E+00   -0.938565057326E-03   -0.102734323312E-01
  10.230000    0.978390630864E+00   32.658947    0.100003921380E+01    0.518725788639E-03   -0.110819640811E-01
  10.292000    0.979743968024E+00   32.856880    0.100003848782E+01    0.509121851289E-03   -0.115691733993E-01
  10.354000    0.981652295256E+00   33.054813    0.999918592346E+00   -0.107679670637E-02   -0.117228911666E-01
  10.416000    0.984010702446E+00   33.252746    0.100007886042E+01    0.104316426550E-02   -0.115415220962E-01
  10.478000    0.986705327100E+00   33.450679    0.999936915652E+00   -0.834416685991E-03   -0.110338483212E-01
  10.540000    0.989619423455E+00   33.648612    0.999998586795E+00   -0.186688211063E-04   -0.102183953727E-01
  10.602000    0.992638668329E+00   33.846545    0.100006184697E+01    0.818097902567E-03   -0.912263353142E-02
  10.664000    0.995655151234E+00   34.044478    0.999923860896E+00   -0.100712259189E-02   -0.778174119543E-02
  10.726000    0.998570258597E+00   34.242411    0.100007747177E+01    0.102475720476E-02   -0.623715270836E-02
  10.788000    0.100129699962E+01   34.440344    0.999967420388E+00   -0.430950247412E-03   -0.453522283757E-02
  10.850000    0.100376149940E+01   34.638277    0.999964659991E+00   -0.467457316291E-03   -0.272561882051E-02
  10.912000    0.100590423291E+01   34.836210    0.100006386828E+01    0.844853307612E-03   -0.859924714428E-03
  10.974000    0.100768079659E+01   35.034143    0.999918280711E+00   -0.108091309306E-02    0.100973939170E-02
  11.036000    0.100906219214E+01   35.232076    0.100005879267E+01    0.777710612501E-03    0.283215470808E-02
  11.098000    0.101003494115E+01   35.430009    0.100000512038E+01    0.677781386460E-04    0.455813138042E-02
  11.160000    0.101060065554E+01   35.627942    0.999955126239E+00   -0.593505722334E-03    0.614173588541E-02
  11.222000    0.101077538919E+01   35.825875    0.100007544508E+01    0.998012634319E-03    0.754122869572E-02
  11.284000    0.101058837669E+01   36.023808    0.999924902959E+00   -0.993295626903E-03    0.872012622914E-02
  11.346000    0.101008063665E+01   36.221741    0.100002444598E+01    0.323394878816E-03    0.964786602158E-02
  11.408000    0.100930295887E+01   36.419674    0.100002194172E+01    0.290258655992E-03    0.103005993726E-01
  11.470000    0.100831356380E+01   36.617607    0.999940295863E+00   -0.789741856510E-03    0.106618180991E-01
  11.532000    0.100717556705E+01   36.815540    0.100008085490E+01    0.106947225886E-02    0.107227638914E-01
  11.594000    0.100595423900E+01   37.013473    0.999951262927E+00   -0.644736580888E-03    0.104826750354E-01
  11.656000    0.100471390696E+01   37.211406    0.100000262687E+01    0.346527367564E-04    0.994916546729E-02
  11.718000    0.100351545809E+01   37.409339    0.100003764165E+01    0.497785966666E-03    0.913785803103E-02
  11.780000    0.100241359544E+01   37.607272    0.999923943372E+00   -0.100617428024E-02    0.807225739400E-02
  11.842000    0.100145457089E+01   37.805205    0.100006460945E+01    0.854484780654E-03    0.678324077045E-02
  11.904000    0.100067446819E+01   38.003138    0.999973663693E+00   -0.348359363619E-03    0.530821602179E-02
  11.966000    0.100009798555E+01   38.201071    0.999986980311E+00   -0.172207163976E-03    0.369008558724E-02
  12.028000    0.999737700730E+00   38.399004    0.100006140298E+01    0.812225069908E-03    0.197610075553E-02
  12.090000    0.999594065269E+00   38.596937    0.999928942939E+00   -0.939885459594E-03    0.216402315586E-03
  12.152000    0.999655976299E+00   38.794870    0.100004582623E+01    0.606193528611E-03   -0.153753550814E-02
  12.214000    0.999901806199E+00   38.992803    0.999988966042E+00   -0.145924297367E-03   -0.323446764894E-02
  12.276000    0.100030098090E+01   39.190736    0.999960857896E+00   -0.517725854240E-03   -0.482503113926E-02
  12.338000    0.100081583536E+01   39.388669    0.100006842757E+01    0.905154077199E-03   -0.626325710179E-02
