   0.000000    0.000000000000E+00    0.000000    0.119535278622E-01   -0.114138809106E+02    0.100000000000E+31
   0.062000   -0.710542735760E-14    0.197933    0.121656891979E-01   -0.130934415166E+02    0.279643570335E+04
   0.124000   -0.710542735760E-14    0.395866    0.127957020109E-01   -0.130792190696E+02    0.135470813719E+04
   0.186000    0.000000000000E+00    0.593799    0.139142778243E-01   -0.130585052363E+02    0.873971520545E+03
   0.248000    0.000000000000E+00    0.791732    0.157086954811E-01   -0.130299712420E+02    0.633676115361E+03
   0.310000    0.000000000000E+00    0.989665    0.184079851020E-01   -0.129905311332E+02    0.489681896993E+03
   0.372000    0.000000000000E+00    1.187598    0.224218885843E-01   -0.129345922584E+02    0.393913764423E+03
   0.434000    0.000000000000E+00    1.385531    0.285518613445E-01   -0.128514487408E+02    0.325745610321E+03
   0.496000    0.000000000000E+00    1.583464    0.381538592674E-01   -0.127230811910E+02    0.274848111791E+03
   0.558000    0.000000000000E+00    1.781397    0.541340052621E-01   -0.125109931041E+02    0.235468599708E+03
   0.620000    0.000000000000E+00    1.979330    0.830897730271E-01   -0.121278280554E+02    0.204146279963E+03
   0.682000    0.000000000000E+00    2.177263    0.140805930419E+00   -0.113646545971E+02    0.178669680597E+03
   0.744000    0.000000000000E+00    2.375196    0.282753218736E+00   -0.948753636913E+01    0.157558921663E+03
   0.806000    0.000000000000E+00    2.573129    0.746934531406E+00   -0.334774636237E+01    0.139786392114E+03
   0.868000    0.000000000000E+00    2.771062    0.210807222592E+01    0.146608671826E+02    0.124614720774E+03
   0.930000    0.000000000000E+00    2.968995    0.280447672984E+01    0.238768494285E+02    0.111503487136E+03
   0.992000    0.000000000000E+00    3.166928    0.185015762637E+01    0.112475793760E+02    0.100045392103E+03
   1.054000    0.000000000000E+00    3.364861    0.110809327314E+01    0.142987176388E+01    0.899329797898E+02
   1.116000    0.000000000000E+00    3.562794    0.813284823746E+00   -0.246965470155E+01    0.809264504917E+02
   1.178000    0.000000000000E+00    3.760727    0.690772691172E+00   -0.408983166243E+01    0.728411136355E+02
   1.240000    0.710542735760E-14    3.958660    0.635314294867E+00   -0.482314172231E+01    0.655321130240E+02
   1.302000    0.429878355135E-12    4.156593    0.638097150148E+00   -0.478629203402E+01    0.588860806602E+02
   1.364000    0.260484966930E-10    4.354526    0.679568410799E+00   -0.423790070938E+01    0.528147000534E+02
   1.426000    0.989995641021E-09    4.552459    0.756073204841E+00   -0.322622627236E+01    0.472497970987E+02
   1.488000    0.249470382130E-07    4.750392    0.876029398240E+00   -0.163977311463E+01    0.421394129474E+02
   1.550000    0.435426692036E-06    4.948325    0.101649101041E+01    0.218146201154E+00    0.374452407060E+02
   1.612000    0.543959831134E-05    5.146258    0.116130283110E+01    0.213394092721E+01    0.331394618890E+02
   1.674000    0.499864319714E-04    5.344191    0.126096005373E+01    0.345258245785E+01    0.291993458410E+02
   1.736000    0.346682003723E-03    5.542124    0.125744817716E+01    0.340616046675E+01    0.256034308107E+02
   1.798000    0.185985115722E-02    5.740057    0.117311004948E+01    0.229019461041E+01    0.223309775966E+02
   1.860000    0.789829537116E-02    5.937990    0.105910784831E+01    0.781905789224E+00    0.193622948753E+02
   1.922000    0.271375952871E-01    6.135923    0.976144449688E+00   -0.315549745207E+00    0.166785716361E+02
   1.984000    0.769968490008E-01    6.333856    0.929392871982E+00   -0.933911559733E+00    0.142619248888E+02
   2.046000    0.183854362598E+00    6.531789    0.901826639090E+00   -0.129850181986E+01    0.120954973792E+02
   2.108000    0.376057579853E+00    6.729722    0.895538890340E+00   -0.138166768612E+01    0.101632210043E+02
   2.170000    0.669637706150E+00    6.927655    0.905402890564E+00   -0.125121790180E+01    0.845000606533E+01
   2.232000    0.105365971094E+01    7.125588    0.930381552855E+00   -0.920851300477E+00    0.694147808221E+01
   2.294000    0.148490826012E+01    7.323521    0.969513904039E+00   -0.403253751382E+00    0.562406178481E+01
   2.356000    0.189784873606E+01    7.521454    0.100969810388E+01    0.128285625468E+00    0.448458409413E+01
   2.418000    0.222592507804E+01    7.719387    0.104495486441E+01    0.594666381379E+00    0.350996131980E+01
   2.480000    0.242426603708E+01    7.917320    0.106331977464E+01    0.837603339372E+00    0.268652440932E+01
   2.542000    0.247829096333E+01    8.115253    0.105962890991E+01    0.788775242249E+00    0.200114194915E+01
   2.604000    0.240375769666E+01    8.313186    0.104372115643E+01    0.578338743217E+00    0.144028797741E+01
   2.666000    0.223376493653E+01    8.511119    0.102095336336E+01    0.277164469878E+00    0.991042411445E+00
   2.728000    0.200804271957E+01    8.709052    0.100202121548E+01    0.267354374454E-01    0.640322454597E+00
   2.790000    0.176168462583E+01    8.906985    0.988968702165E+00   -0.145915003310E+00    0.375593540920E+00
   2.852000    0.152138801066E+01    9.104918    0.978878960704E+00   -0.279373538361E+00    0.184321800847E+00
   2.914000    0.130366825772E+01    9.302851    0.974676007446E+00   -0.334966538676E+00    0.544348242213E-01
   2.976000    0.111680384333E+01    9.500784    0.974059223567E+00   -0.343125917258E+00   -0.258380530601E-01
   3.038000    0.963046428095E+00    9.698718    0.978513660392E+00   -0.284207745682E+00   -0.676910556021E-01
   3.100000    0.840886870139E+00    9.896651    0.988093145481E+00   -0.157497516625E+00   -0.813911356988E-01
   3.162000    0.747090626719E+00   10.094584    0.998041551046E+00   -0.259052798154E-01   -0.761808588431E-01
   3.224000    0.677566440985E+00   10.292517    0.100800967376E+01    0.105949274769E+00   -0.595385076448E-01
   3.286000    0.628511738655E+00   10.490450    0.101364602702E+01    0.180505151843E+00   -0.375098191136E-01
   3.348000    0.596288506771E+00   10.688383    0.101407470110E+01    0.186175254661E+00   -0.140004943202E-01
   3.410000    0.578060065448E+00   10.886316    0.101196850341E+01    0.158314659587E+00    0.826743061082E-02
   3.472000    0.571283270119E+00   11.084249    0.100706327416E+01    0.934297480852E-01    0.282421104566E-01
   3.534000    0.574161909969E+00   11.282182    0.100315991807E+01    0.417974545526E-01    0.452812107952E-01
   3.596000    0.585067293805E+00   11.480115    0.100011614356E+01    0.153563004603E-02    0.596507652144E-01
   3.658000    0.602937380492E+00   11.678048    0.997109913500E+00   -0.382293239877E-01    0.714211591080E-01
   3.720000    0.626742582255E+00   11.875981    0.995699156740E+00   -0.568901182141E-01    0.810893001134E-01
   3.782000    0.655853005274E+00   12.073914    0.994140882369E+00   -0.775021801988E-01    0.887722617414E-01
   3.844000    0.689581749316E+00   12.271847    0.994063387751E+00   -0.785272943326E-01    0.948392311694E-01
   3.906000    0.727510138991E+00   12.469780    0.995612406825E+00   -0.580376687557E-01    0.993403582491E-01
   3.968000    0.769116370080E+00   12.667713    0.997371839598E+00   -0.347640283133E-01    0.102525998835E+00
   4.030000    0.814033201672E+00   12.865646    0.100028359938E+01    0.375150806924E-02    0.104451081404E+00
   4.092000    0.861762943313E+00   13.063579    0.100208096561E+01    0.275264083846E-01    0.105326975120E+00
   4.154000    0.911820570066E+00   13.261512    0.100283477137E+01    0.374975429231E-01    0.105284485846E+00
   4.216000    0.963538728119E+00   13.459445    0.100306719529E+01    0.405719995277E-01    0.104538402034E+00
   4.278000    0.101602409397E+01   13.657378    0.100191148869E+01    0.252848398146E-01    0.103328706250E+00
   4.340000    0.106811191148E+01   13.855311    0.100133478266E+01    0.176563918076E-01    0.101860551443E+00
   4.402000    0.111804649103E+01   14.053244    0.100068250344E+01    0.902827675871E-02    0.100505853327E+00
   4.464000    0.116387668293E+01   14.251177    0.999984262403E+00   -0.207749710836E-03    0.993750253786E-01
   4.526000    0.120265838418E+01   14.449110    0.999927152506E+00   -0.963289254693E-03    0.990534732589E-01
   4.588000    0.123600353667E+01   14.647043    0.999160667623E+00   -0.111020912211E-01    0.961778033072E-01
   4.650000    0.126704088049E+01   14.844976    0.998892062415E+00   -0.146551770291E-01    0.865152420842E-01
   4.712000    0.129176487740E+01   15.042909    0.998842080370E+00   -0.153164102348E-01    0.718794114413E-01
   4.774000    0.130624785661E+01   15.240842    0.998753859539E+00   -0.164834131866E-01    0.542897385722E-01
   4.836000    0.130700580078E+01   15.438775    0.999562638102E+00   -0.578528307145E-02    0.360524717993E-01
   4.898000    0.129260780957E+01   15.636708    0.999939588563E+00   -0.799134810008E-03    0.188499849026E-01
   4.960000    0.126344466840E+01   15.834641    0.100039261433E+01    0.519336068926E-02    0.404086684253E-02
   5.022000    0.122192310206E+01   16.032574    0.100074014567E+01    0.979033558210E-02   -0.766369443610E-02
   5.084000    0.117163491055E+01   16.230507    0.100036460726E+01    0.482290799219E-02   -0.159726555561E-01
   5.146000    0.111674474313E+01   16.428440    0.100041600224E+01    0.550276480228E-02   -0.210490277320E-01
   5.208000    0.106122723554E+01   16.626373    0.100015346896E+01    0.203011094608E-02   -0.233472206508E-01
   5.270000    0.100839615966E+01   16.824306    0.100002068886E+01    0.273750312231E-03   -0.234979025924E-01
   5.332000    0.960703953982E+00   17.022239    0.100025076832E+01    0.331710410548E-02   -0.222114544467E-01
   5.394000    0.919678484764E+00   17.220172    0.999969618889E+00   -0.401836135758E-03   -0.201213665453E-01
   5.456000    0.886110502815E+00   17.418105    0.100003507778E+01    0.464027817624E-03   -0.177734402488E-01
   5.518000    0.860161430794E+00   17.616038    0.999867041295E+00   -0.175872799900E-02   -0.155075671078E-01
   5.580000    0.841617490062E+00   17.813971    0.999607783949E+00   -0.518811117146E-02   -0.135318762176E-01
   5.642000    0.829974568005E+00   18.011904    0.999835708046E+00   -0.217329092319E-02   -0.118668231857E-01
   5.704000    0.824618806290E+00   18.209837    0.999744271746E+00   -0.338280963146E-02   -0.104609240146E-01
   5.766000    0.824850036506E+00   18.407770    0.100000158397E+01    0.207584436344E-04   -0.916999403234E-02
   5.828000    0.829982568761E+00   18.605703    0.100018827993E+01    0.249027213968E-02   -0.786080047851E-02
   5.890000    0.839331897624E+00   18.803636    0.100003633230E+01    0.480401818341E-03   -0.639392159014E-02
   5.952000    0.852262797492E+00   19.001569    0.100018983828E+01    0.251110758524E-02   -0.468730980119E-02
   6.014000    0.868164828045E+00   19.199502    0.999963020393E+00   -0.489094199789E-03   -0.269297165409E-02
   6.076000    0.886470763824E+00   19.397435    0.999940329396E+00   -0.789209266843E-03   -0.423234329444E-03
   6.138000    0.906634200880E+00   19.595368    0.100008029532E+01    0.106221679192E-02    0.207366172496E-02
   6.200000    0.928132151768E+00   19.793301    0.999945635724E+00   -0.718985333017E-03    0.471097165658E-02
   6.262000    0.950451149610E+00   19.991234    0.100015164313E+01    0.200597894675E-02    0.738153776393E-02
   6.324000    0.973082794284E+00   20.189167    0.100004559605E+01    0.603233322793E-03    0.996663385610E-02
   6.386000    0.995521259945E+00   20.387100    0.999930305047E+00   -0.921787879933E-03    0.123447631776E-01
   6.448000    0.101725851703E+01   20.585033    0.100001285110E+01    0.170116111288E-03    0.144047218539E-01
   6.510000    0.103779493199E+01   20.782966    0.999816350382E+00   -0.242912469693E-02    0.160457649616E-01
   6.572000    0.105663913461E+01   20.980899    0.999981100089E+00   -0.249926590647E-03    0.171912730955E-01
   6.634000    0.107333023246E+01   21.178832    0.100002896261E+01    0.383146262108E-03    0.177831245199E-01
   6.696000    0.108744210776E+01   21.376765    0.999983825339E+00   -0.213934129828E-03    0.177945886067E-01
   6.758000    0.109860952584E+01   21.574698    0.100014541133E+01    0.192343014874E-02    0.172221005700E-01
   6.820000    0.110653065195E+01   21.772631    0.999956477652E+00   -0.575686755900E-03    0.160966674358E-01
   6.882000    0.111098244863E+01   21.970564    0.999983730481E+00   -0.215176287909E-03    0.144803125149E-01
   6.944000    0.111180606982E+01   22.168497    0.100000164861E+01    0.219156853744E-04    0.124871445836E-01
   7.006000    0.110893700044E+01   22.366430    0.999899653478E+00   -0.132724789099E-02    0.102634483728E-01
   7.068000    0.110243494365E+01   22.564363    0.100009322811E+01    0.123327808938E-02    0.796727594817E-02
   7.130000    0.109252106859E+01   22.762296    0.100000943974E+01    0.125042763277E-03    0.573898838080E-02
   7.192000    0.107958930812E+01   22.960229    0.100002273740E+01    0.300981831930E-03    0.368766104841E-02
   7.254000    0.106420241519E+01   23.158162    0.100006441573E+01    0.852276429719E-03    0.187891482879E-02
   7.316000    0.104705961756E+01   23.356095    0.999891203659E+00   -0.143893413486E-02    0.335991728737E-03
   7.378000    0.102894687788E+01   23.554028    0.100000971219E+01    0.128557442484E-03   -0.954428228765E-03
   7.440000    0.101067604695E+01   23.751961    0.999962288089E+00   -0.498829060850E-03   -0.203130482195E-02
   7.502000    0.993021654920E+00   23.949894    0.999971347553E+00   -0.379139532560E-03   -0.294433145948E-02
   7.564000    0.976670632847E+00   24.147827    0.100010146706E+01    0.134185741270E-02   -0.374309486754E-02
   7.626000    0.962182506462E+00   24.345760    0.999967579776E+00   -0.429295190257E-03   -0.446400839995E-02
   7.688000    0.949973229871E+00   24.543693    0.100004196932E+01    0.554553294342E-03   -0.512719807806E-02
   7.750000    0.940308928501E+00   24.741626    0.999991987212E+00   -0.106691394948E-03   -0.573151315910E-02
   7.812000    0.933318358155E+00   24.939559    0.999917675639E+00   -0.108970117608E-02   -0.625988119916E-02
   7.874000    0.929007593210E+00   25.137492    0.100004872975E+01    0.643831343665E-03   -0.668149208070E-02
   7.936000    0.927284377265E+00   25.335425    0.999958812192E+00   -0.544812267335E-03   -0.696127738671E-02
   7.998000    0.927978515728E+00   25.533358    0.100003888712E+01    0.514464153390E-03   -0.706431506284E-02
   8.060000    0.930864515934E+00   25.731291    0.100005546360E+01    0.733803813758E-03   -0.696391002733E-02
   8.122000    0.935677400160E+00   25.929224    0.999945452202E+00   -0.721313995308E-03   -0.664386813497E-02
   8.184000    0.942128905716E+00   26.127157    0.100003914210E+01    0.518004735203E-03   -0.610271548447E-02
   8.246000    0.949917190408E+00   26.325090    0.999941260098E+00   -0.776720557564E-03   -0.535258807888E-02
   8.308000    0.958736013367E+00   26.523023    0.999975496616E+00   -0.323868006496E-03   -0.441901171935E-02
   8.370000    0.968280252708E+00   26.720956    0.100005026417E+01    0.665094055021E-03   -0.333804350490E-02
   8.432000    0.978250292937E+00   26.918889    0.999963796510E+00   -0.478669677526E-03   -0.215324431356E-02
   8.494000    0.988355430133E+00   27.116822    0.100006658447E+01    0.880907449137E-03   -0.912396497643E-03
   8.556000    0.998316287857E+00   27.314755    0.999992954998E+00   -0.930840083363E-04    0.336270708645E-03
   8.618000    0.100786828447E+01   27.512688    0.999961048522E+00   -0.515179509390E-03    0.154649071630E-02
   8.680000    0.101676416645E+01   27.710621    0.100003078583E+01    0.407225499644E-03    0.267721197248E-02
   8.742000    0.102477876363E+01   27.908554    0.999936042512E+00   -0.846023774510E-03    0.369356911898E-02
   8.804000    0.103171254578E+01   28.106487    0.100003486348E+01    0.461133708515E-03    0.456899105078E-02
   8.866000    0.103739759884E+01   28.304420    0.100002346754E+01    0.310407713255E-03    0.528469935093E-02
   8.928000    0.104170176452E+01   28.502353    0.999977834661E+00   -0.293160748100E-03    0.583056756254E-02
   8.990000    0.104453451222E+01   28.700287    0.100005455031E+01    0.721588242896E-03    0.620351618840E-02
   9.052000    0.104585021994E+01   28.898220    0.999945985784E+00   -0.714448133282E-03    0.640731023102E-02
   9.114000    0.104565212572E+01   29.096153    0.999994758304E+00   -0.692970737149E-04    0.645024293201E-02
   9.176000    0.104399281647E+01   29.294086    0.100001111500E+01    0.147068317895E-03    0.634449437423E-02
   9.238000    0.104097454029E+01   29.492019    0.999958866668E+00   -0.544047933992E-03    0.610362065447E-02
   9.300000    0.103674560995E+01   29.689952    0.100006202050E+01    0.820413980500E-03    0.574153591783E-02
   9.362000    0.103149484250E+01   29.887885    0.999986150474E+00   -0.183167411700E-03    0.527121731910E-02
   9.424000    0.102544332629E+01   30.085818    0.999999830697E+00   -0.220127218935E-05    0.470424409038E-02
   9.486000    0.101883427082E+01   30.283751    0.100002452959E+01    0.324482722242E-03    0.405099979303E-02
   9.548000    0.101192181048E+01   30.481684    0.999939816419E+00   -0.796086677432E-03    0.332130128419E-02
   9.610000    0.100495926761E+01   30.679617    0.100003066062E+01    0.405531016336E-03    0.252563671483E-02
   9.672000    0.998188463930E+00   30.877550    0.999990517393E+00   -0.125490315274E-03    0.167608468409E-02
   9.734000    0.991829914482E+00   31.075483    0.999993697970E+00   -0.834433831912E-04    0.787590268175E-03
   9.796000    0.986075667494E+00   31.273416    0.100005095520E+01    0.673912061040E-03   -0.121793794006E-03
   9.858000    0.981083830674E+00   31.471349    0.999958548024E+00   -0.548405245897E-03   -0.103052241998E-02
   9.920000    0.976976137945E+00   31.669282    0.100001825467E+01    0.241472357478E-03   -0.191449985426E-02
   9.982000    0.973836658625E+00   31.867215    0.999989623232E+00   -0.137241569779E-03   -0.274771226384E-02
  10.044000    0.971712629156E+00   32.065148    0.999963702557E+00   -0.480099771412E-03   -0.350406441872E-02
  10.106000    0.970615302867E+00   32.263081    0.100004479822E+01    0.592601528839E-03   -0.415856689061E-02
  10.168000    0.970522114309E+00   32.461014    0.999974137420E+00   -0.342062478681E-03   -0.468923514424E-02
  10.230000    0.971378867583E+00   32.658947    0.100002303473E+01    0.304726781907E-03   -0.507814371796E-02
  10.292000    0.973103433438E+00   32.856880    0.100001771580E+01    0.234368117476E-03   -0.531269669193E-02
  10.354000    0.975590129828E+00   33.054813    0.999958281913E+00   -0.551795750991E-03   -0.538606091721E-02
  10.416000    0.978715277950E+00   33.252746    0.100003048305E+01    0.403265477041E-03   -0.529749648211E-02
  10.478000    0.982342903606E+00   33.450679    0.999969019518E+00   -0.409752313653E-03   -0.505209908831E-02
  10.540000    0.986330255162E+00   33.648612    0.100000203553E+01    0.269558363195E-04   -0.466028972159E-02
  10.602000    0.990532783013E+00   33.846545    0.100003363262E+01    0.444894781488E-03   -0.413712509499E-02
  10.664000    0.994808282294E+00   34.044478    0.999969190942E+00   -0.407521137579E-03   -0.350131552057E-02
  10.726000    0.999020581681E+00   34.242411    0.100003492737E+01    0.461997268118E-03   -0.277435060758E-02
  10.788000    0.100304258263E+01   34.440344    0.999980687786E+00   -0.255461434476E-03   -0.197946225020E-02
  10.850000    0.100675912580E+01   34.638277    0.999978712992E+00   -0.281577769383E-03   -0.114085285420E-02
  10.912000    0.101006932284E+01   34.836210    0.100002697067E+01    0.356796427445E-03   -0.282789949049E-03
  10.974000    0.101288887040E+01   35.034143    0.999964874712E+00   -0.464583831811E-03    0.570904436294E-03
  11.036000    0.101515174934E+01   35.232076    0.100003153458E+01    0.417161594759E-03    0.139754048064E-02
  11.098000    0.101681183686E+01   35.430009    0.100000603620E+01    0.799009677627E-04    0.217583312301E-02
  11.160000    0.101784380490E+01   35.627942    0.999979596011E+00   -0.269821223767E-03    0.288635803344E-02
  11.222000    0.101824368625E+01   35.825875    0.100003114193E+01    0.412007561741E-03    0.351170157592E-02
  11.284000    0.101802858568E+01   36.023808    0.999961757776E+00   -0.505777714624E-03    0.403678173452E-02
  11.346000    0.101723586525E+01   36.221741    0.100000962036E+01    0.127311556449E-03    0.444894921568E-02
  11.408000    0.101592143605E+01   36.419674    0.100001202084E+01    0.159060426879E-03    0.473824284051E-02
  11.470000    0.101415740233E+01   36.617607    0.999976692439E+00   -0.308282080886E-03    0.489756296505E-02
  11.532000    0.101202903293E+01   36.815540    0.100003976214E+01    0.525928756994E-03    0.492286052788E-02
  11.594000    0.100963115260E+01   37.013473    0.999977380682E+00   -0.299270198050E-03    0.481334973933E-02
  11.656000    0.100706423780E+01   37.211406    0.999997872196E+00   -0.282659662644E-04    0.457164952730E-02
  11.718000    0.100443028913E+01   37.409339    0.100001336030E+01    0.176560678080E-03    0.420392069744E-02
  11.780000    0.100182882076E+01   37.607272    0.999963665046E+00   -0.480813703636E-03    0.371985384654E-02
  11.842000    0.999353023717E+00   37.805205    0.100003111418E+01    0.411360959130E-03    0.313262150322E-02
  11.904000    0.997086474059E+00   38.003138    0.999991471539E+00   -0.112805121330E-03    0.245858630439E-02
  11.966000    0.995100298582E+00   38.201071    0.999996811006E+00   -0.421663843058E-04    0.171699260073E-02
  12.028000    0.993451125720E+00   38.399004    0.100002812327E+01    0.372026345410E-03    0.929364816132E-03
  12.090000    0.992179622474E+00   38.596937    0.999965164947E+00   -0.460747364697E-03    0.118912683120E-03
  12.152000    0.991309918145E+00   38.794870    0.100001803661E+01    0.238617588446E-03   -0.690303580342E-03
  12.214000    0.990849579815E+00   38.992803    0.999993896245E+00   -0.806986463050E-04   -0.147413333234E-02
  12.276000    0.990790324437E+00   39.190736    0.999983674154E+00   -0.215913675669E-03   -0.220921356458E-02
  12.338000    0.991109245733E+00   39.388669    0.100003418474E+01    0.452213305596E-03   -0.287376137079E-02
