   0.000000    0.000000000000E+00    0.000000    0.327737463684E-01   -0.121371999623E+02    0.100000000000E+31
   0.062000    0.000000000000E+00    0.197933    0.332105615021E-01   -0.184920944049E+02    0.294496954835E+04
   0.124000    0.000000000000E+00    0.395866    0.348082328431E-01   -0.184700349245E+02    0.140894818898E+04
   0.186000    0.000000000000E+00    0.593799    0.379795597833E-01   -0.184169599971E+02    0.898331596991E+03
   0.248000    0.000000000000E+00    0.791732    0.431729392818E-01   -0.183232160510E+02    0.644534411146E+03
   0.310000    0.000000000000E+00    0.989665    0.512153468184E-01   -0.181733239957E+02    0.493685412442E+03
   0.372000    0.000000000000E+00    1.187598    0.633325241865E-01   -0.179440723434E+02    0.394350281411E+03
   0.434000    0.000000000000E+00    1.385531    0.822487766228E-01   -0.175834601230E+02    0.324393737088E+03
   0.496000    0.000000000000E+00    1.583464    0.113234555978E+00   -0.169906640672E+02    0.272683034312E+03
   0.558000    0.000000000000E+00    1.781397    0.166927466672E+00   -0.159620647323E+02    0.232998759575E+03
   0.620000    0.000000000000E+00    1.979330    0.275559417666E+00   -0.138803833248E+02    0.201596919319E+03
   0.682000    0.000000000000E+00    2.177263    0.520456739993E+00   -0.918780673484E+01    0.176098448413E+03
   0.744000    0.000000000000E+00    2.375196    0.108921720814E+01    0.170927939209E+01    0.154929656301E+03
   0.806000    0.000000000000E+00    2.573129    0.234525782233E+01    0.257720119743E+02    0.137019642235E+03
   0.868000    0.000000000000E+00    2.771062    0.217170893364E+01    0.224465830330E+02    0.121623914269E+03
   0.930000    0.000000000000E+00    2.968995    0.124535833279E+01    0.470046998895E+01    0.108214404610E+03
   0.992000    0.000000000000E+00    3.166928    0.922836362615E+00   -0.147831795649E+01    0.964130734219E+02
   1.054000    0.000000000000E+00    3.364861    0.770958898771E+00   -0.438812807524E+01    0.859427452741E+02
   1.116000    0.000000000000E+00    3.562794    0.701719559388E+00   -0.571472798016E+01    0.765982192887E+02
   1.178000   -0.177635683940E-14    3.760727    0.706335000110E+00   -0.562628063161E+01    0.682219408734E+02
   1.240000    0.000000000000E+00    3.958660    0.744287478921E+00   -0.489905355600E+01    0.606923445109E+02
   1.302000    0.000000000000E+00    4.156593    0.823542829460E+00   -0.338051914242E+01    0.539120951739E+02
   1.364000    0.000000000000E+00    4.354526    0.937285983848E+00   -0.120139694399E+01    0.478009419927E+02
   1.426000    0.834887714518E-13    4.552459    0.105132993662E+01    0.983257324714E+00    0.422915622707E+02
   1.488000    0.565236746297E-11    4.750392    0.115761421625E+01    0.301903972129E+01    0.373259629904E+02
   1.550000    0.240579112187E-09    4.948325    0.119545020228E+01    0.374367696138E+01    0.328535041637E+02
   1.612000    0.666937971516E-08    5.146258    0.115714671332E+01    0.301008893656E+01    0.288292768925E+02
   1.674000    0.125507424897E-06    5.344191    0.108014499852E+01    0.153525974366E+01    0.252129374800E+02
   1.736000    0.166391726175E-05    5.542124    0.100072473880E+01    0.138831420427E-01    0.219682002806E+02
   1.798000    0.160750069114E-04    5.740057    0.955398230884E+00   -0.854481582755E+00    0.190620262324E+02
   1.860000    0.116706974268E-03    5.937990    0.929928344478E+00   -0.134244668652E+01    0.164643179339E+02
   1.922000    0.654812618835E-03    6.135923    0.921191287713E+00   -0.150982278243E+01    0.141477156850E+02
   1.984000    0.291343033540E-02    6.333856    0.933359595570E+00   -0.127667909110E+01    0.120869874989E+02
   2.046000    0.105217613522E-01    6.531789    0.953968992555E+00   -0.881829918971E+00    0.102592799908E+02
   2.108000    0.315136518541E-01    6.729722    0.985259485387E+00   -0.282382145796E+00    0.864350660966E+01
   2.170000    0.798296655915E-01    6.927655    0.101591575083E+01    0.304891884880E+00    0.722035283195E+01
   2.232000    0.174119501047E+00    7.125588    0.103456673105E+01    0.662177130305E+00    0.597219332402E+01
   2.294000    0.332384267137E+00    7.323521    0.104339947897E+01    0.831384230418E+00    0.488286468768E+01
   2.356000    0.563656825947E+00    7.521454    0.103521199935E+01    0.674547012741E+00    0.393754638548E+01
   2.418000    0.860703062242E+00    7.719387    0.102145370389E+01    0.410987901040E+00    0.312267784278E+01
   2.480000    0.119812315463E+01    7.917320    0.100789089168E+01    0.151167356336E+00    0.242583442114E+01
   2.542000    0.153757332164E+01    8.115253    0.994129749446E+00   -0.112458055301E+00    0.183556291263E+01
   2.604000    0.183803874580E+01    8.313186    0.987239392671E+00   -0.244459628094E+00    0.134117116881E+01
   2.666000    0.206630632386E+01    8.511119    0.982398790936E+00   -0.337192537028E+00    0.932689958234E+00
   2.728000    0.220419040900E+01    8.709052    0.982059858719E+00   -0.343684194229E+00    0.600607444076E+00
   2.790000    0.224922766612E+01    8.906985    0.987220236714E+00   -0.244824030034E+00    0.336186504519E+00
   2.852000    0.221230579525E+01    9.104918    0.992552270925E+00   -0.142676631612E+00    0.131107394540E+00
   2.914000    0.211181376096E+01    9.302851    0.100060165386E+01    0.115257720164E-01   -0.222728135440E-01
   2.976000    0.196895119351E+01    9.500784    0.100606172597E+01    0.116124174285E+00   -0.131199235001E+00
   3.038000    0.180332318500E+01    9.698718    0.100804687300E+01    0.154153645510E+00   -0.202330242714E+00
   3.100000    0.163107576601E+01    9.896651    0.100898334016E+01    0.172093804211E+00   -0.241943673116E+00
   3.162000    0.146384675002E+01   10.094584    0.100597130863E+01    0.114392625084E+00   -0.255802636348E+00
   3.224000    0.130921136603E+01   10.292517    0.100372329686E+01    0.713276372107E-01   -0.249279266989E+00
   3.286000    0.117129845837E+01   10.490450    0.100134590207E+01    0.257837631623E-01   -0.227269948511E+00
   3.348000    0.105176155191E+01   10.688383    0.998340005310E+00   -0.318006704839E-01   -0.194227954712E+00
   3.410000    0.950586577281E+00   10.886316    0.997595746962E+00   -0.460586416124E-01   -0.154122951857E+00
   3.472000    0.866752559212E+00   11.084249    0.996085999443E+00   -0.749811135870E-01   -0.110398985991E+00
   3.534000    0.798758914202E+00   11.282182    0.996250707336E+00   -0.718258099232E-01   -0.659886485465E-01
   3.596000    0.744892077905E+00   11.480115    0.997636804699E+00   -0.452722451504E-01   -0.232268516944E-01
   3.658000    0.703501652228E+00   11.678048    0.998335023667E+00   -0.318964726142E-01    0.160573219848E-01
   3.720000    0.673024898276E+00   11.875981    0.100049526638E+01    0.948737997783E-02    0.506301428715E-01
   3.782000    0.652127652345E+00   12.073914    0.100116912212E+01    0.223964640126E-01    0.796824796055E-01
   3.844000    0.639622168055E+00   12.271847    0.100142779931E+01    0.273519829464E-01    0.102901730065E+00
   3.906000    0.634552636943E+00   12.469780    0.100188202252E+01    0.360536253375E-01    0.120252338041E+00
   3.968000    0.636080019134E+00   12.667713    0.100085188444E+01    0.163196148337E-01    0.132040044548E+00
   4.030000    0.643549272088E+00   12.865646    0.100091433161E+01    0.175160354033E-01    0.138690125364E+00
   4.092000    0.656371992792E+00   13.063579    0.100039929630E+01    0.764953431208E-02    0.140821460828E+00
   4.154000    0.674090019145E+00   13.261512    0.999683645007E+00   -0.606021445484E-02    0.139052350784E+00
   4.216000    0.696266069513E+00   13.459445    0.999879156179E+00   -0.231474749972E-02    0.134089850925E+00
   4.278000    0.722544438924E+00   13.657378    0.999088828930E+00   -0.174551121288E-01    0.126575966984E+00
   4.340000    0.752555112830E+00   13.855311    0.999308293714E+00   -0.132508251220E-01    0.117178116935E+00
   4.402000    0.785964441599E+00   14.053244    0.999552345939E+00   -0.857554436222E-02    0.106477104460E+00
   4.464000    0.822389775062E+00   14.251177    0.999439169451E+00   -0.107436970135E-01    0.950471122941E-01
   4.526000    0.861432299006E+00   14.449110    0.100025012856E+01    0.479185176158E-02    0.833762980764E-01
   4.588000    0.902595887651E+00   14.647043    0.100006095367E+01    0.116774055264E-02    0.719279728837E-01
   4.650000    0.945287206566E+00   14.844976    0.100022264075E+01    0.426513230613E-02    0.610939310151E-01
   4.712000    0.988744713426E+00   15.042909    0.100042540736E+01    0.814952217326E-02    0.512268467955E-01
   4.774000    0.103200233606E+01   15.240842    0.999948108514E+00   -0.994101620704E-03    0.426329316664E-01
   4.836000    0.107388520708E+01   15.438775    0.100033962056E+01    0.650612893705E-02    0.355487071165E-01
   4.898000    0.111290335810E+01   15.636708    0.100007289134E+01    0.139634937462E-02    0.302404942699E-01
   4.960000    0.114804820135E+01   15.834641    0.999961339481E+00   -0.740610092019E-03    0.263371351041E-01
   5.022000    0.118016009700E+01   16.032574    0.100018222057E+01    0.349084619282E-02    0.218326287088E-01
   5.084000    0.120845500256E+01   16.230507    0.999689126344E+00   -0.595540397368E-02    0.162395042246E-01
   5.146000    0.123131871488E+01   16.428440    0.999962126649E+00   -0.725517196617E-03    0.985122000360E-02
   5.208000    0.124717028055E+01   16.626373    0.999888137333E+00   -0.214292302549E-02    0.310288431505E-02
   5.270000    0.125472273665E+01   16.824306    0.999784255324E+00   -0.413298916404E-02   -0.350941230562E-02
   5.332000    0.125325563667E+01   17.022239    0.100019090527E+01    0.365723163954E-02   -0.953690757988E-02
   5.394000    0.124273029381E+01   17.220172    0.999879175879E+00   -0.231461558932E-02   -0.146137916545E-01
   5.456000    0.122380230925E+01   17.418105    0.100007998114E+01    0.153223550126E-02   -0.184853488984E-01
   5.518000    0.119771248813E+01   17.616038    0.100009401500E+01    0.180105961297E-02   -0.210103673427E-01
   5.580000    0.116610934574E+01   17.813971    0.999848260048E+00   -0.290692276657E-02   -0.221580426879E-01
   5.642000    0.113083673319E+01   18.011904    0.100019098185E+01    0.365859506565E-02   -0.219931261588E-01
   5.704000    0.109373756698E+01   18.209837    0.999939807040E+00   -0.115320871298E-02   -0.206589469194E-01
   5.766000    0.105649779164E+01   18.407770    0.100002813851E+01    0.538959820238E-03   -0.183556844986E-01
   5.828000    0.102054690547E+01   18.605703    0.100013129457E+01    0.251513000592E-02   -0.153186797199E-01
   5.890000    0.987012623292E+00   18.803636    0.999824907546E+00   -0.335435261722E-02   -0.117973241320E-01
   5.952000    0.956718707450E+00   19.001569    0.100009466383E+01    0.181349237152E-02   -0.803589209037E-02
   6.014000    0.930213239756E+00   19.199502    0.999921239906E+00   -0.150878505860E-02   -0.425875788493E-02
   6.076000    0.907810059440E+00   19.397435    0.999928927214E+00   -0.136150728892E-02   -0.657463123707E-03
   6.138000    0.889638601370E+00   19.595368    0.100014037755E+01    0.268927373852E-02    0.261419959260E-02
   6.200000    0.875686614746E+00   19.793301    0.999871712694E+00   -0.245755356085E-02    0.544590161885E-02
   6.262000    0.865841967753E+00   19.991234    0.100009134945E+01    0.175005246440E-02    0.776699724984E-02
   6.324000    0.859920701918E+00   20.189167    0.999994069483E+00   -0.113553039045E-03    0.954624150017E-02
   6.386000    0.857693285489E+00   20.387100    0.999896154174E+00   -0.198933928603E-02    0.107828831405E-01
   6.448000    0.858897713588E+00   20.585033    0.100013207636E+01    0.253025348235E-02    0.115035936598E-01
   6.510000    0.863253005107E+00   20.782966    0.999899419276E+00   -0.192678940933E-02    0.117522700098E-01
   6.572000    0.870462230379E+00   20.980899    0.100006196112E+01    0.118702376664E-02    0.115868962281E-01
   6.634000    0.880218061863E+00   21.178832    0.100005489942E+01    0.105172522941E-02    0.110708115650E-01
   6.696000    0.892200885717E+00   21.376765    0.999885967919E+00   -0.218452349678E-02    0.102707935824E-01
   6.758000    0.906080380823E+00   21.574698    0.100010756967E+01    0.206072413997E-02    0.925113801673E-02
   6.820000    0.921512578487E+00   21.772631    0.999909747847E+00   -0.172896542550E-02    0.807299693736E-02
   6.882000    0.938140523622E+00   21.970564    0.100000156737E+01    0.300259489363E-04    0.679127189969E-02
   6.944000    0.955593090884E+00   22.168497    0.100008384136E+01    0.160619614169E-02    0.545462614698E-02
   7.006000    0.973487254823E+00   22.366430    0.999896100915E+00   -0.199034402323E-02    0.410447531698E-02
   7.068000    0.991429593928E+00   22.564363    0.100010069317E+01    0.192903924057E-02    0.277542818859E-02
   7.130000    0.100902208237E+01   22.762296    0.999949925271E+00   -0.959262690669E-03    0.149558655453E-02
   7.192000    0.102587012275E+01   22.960229    0.999955979900E+00   -0.843233177099E-03    0.286831433378E-03
   7.254000    0.104158950480E+01   23.158162    0.100008878238E+01    0.170091969919E-02   -0.833806486551E-03
   7.316000    0.105581773330E+01   23.356095    0.999900416159E+00   -0.190762723864E-02   -0.185418456176E-02
   7.378000    0.106822320814E+01   23.554028    0.100008112186E+01    0.155413674230E-02   -0.276491302294E-02
   7.440000    0.107851726885E+01   23.751961    0.999999092407E+00   -0.173439626359E-04   -0.355941171224E-02
   7.502000    0.108646001982E+01   23.949894    0.999935436620E+00   -0.123687274868E-02   -0.422901397009E-02
   7.564000    0.109186860946E+01   24.147827    0.100008921683E+01    0.170902210424E-02   -0.476093331780E-02
   7.626000    0.109462523828E+01   24.345760    0.999905561710E+00   -0.180936208851E-02   -0.513758281283E-02
   7.688000    0.109468901433E+01   24.543693    0.100004180427E+01    0.800568362432E-03   -0.534110848784E-02
   7.750000    0.109210187831E+01   24.741626    0.100003303482E+01    0.632519209863E-03   -0.535507092029E-02
   7.812000    0.108699403333E+01   24.939559    0.999928497008E+00   -0.137014751241E-02   -0.516881623958E-02
   7.874000    0.107958180692E+01   25.137492    0.100009317234E+01    0.178455177798E-02   -0.477918995800E-02
   7.936000    0.107016109537E+01   25.335425    0.999928911965E+00   -0.136183974443E-02   -0.419261377376E-02
   7.998000    0.105909387151E+01   25.533358    0.100000245855E+01    0.471431088192E-04   -0.342524957648E-02
   8.060000    0.104679084845E+01   25.731291    0.100004873428E+01    0.933687525510E-03   -0.250297381854E-02
   8.122000    0.103369010234E+01   25.929224    0.999919269797E+00   -0.154644819116E-02   -0.145972712705E-02
   8.184000    0.102023561265E+01   26.127157    0.100008557983E+01    0.163958440446E-02   -0.335807514128E-03
   8.246000    0.100685657202E+01   26.325090    0.999963811370E+00   -0.693139053455E-03    0.824582827062E-03
   8.308000    0.993949783110E+00   26.523023    0.999977749325E+00   -0.426136272552E-03    0.197594018038E-02
   8.370000    0.981866369147E+00   26.720956    0.100006113481E+01    0.117126608790E-02    0.307373999586E-02
   8.432000    0.970902574841E+00   26.918889    0.999914273238E+00   -0.164218298387E-02    0.407700333610E-02
   8.494000    0.961295675616E+00   27.116822    0.100006202142E+01    0.118821332009E-02    0.494969576298E-02
   8.556000    0.953222727726E+00   27.314755    0.999993845273E+00   -0.117875240774E-03    0.566260739651E-02
   8.618000    0.946803226931E+00   27.512688    0.999962145079E+00   -0.725186748713E-03    0.619365126647E-02
   8.680000    0.942102707889E+00   27.710621    0.100007412696E+01    0.142004492849E-02    0.652879329522E-02
   8.742000    0.939138479123E+00   27.908554    0.999923816006E+00   -0.145946101809E-02    0.666143202540E-02
   8.804000    0.937884814998E+00   28.106487    0.100003316585E+01    0.635362444001E-03    0.659244730022E-02
   8.866000    0.938278775774E+00   28.304420    0.100001334201E+01    0.255580170735E-03    0.632919906436E-02
   8.928000    0.940225207196E+00   28.502353    0.999945447296E+00   -0.104506227444E-02    0.588480516395E-02
   8.990000    0.943601496044E+00   28.700287    0.100007759881E+01    0.148658097983E-02    0.527698384764E-02
   9.052000    0.948261093167E+00   28.898220    0.999945253170E+00   -0.104877500350E-02    0.452756229938E-02
   9.114000    0.954037646269E+00   29.096153    0.100001069397E+01    0.204876997844E-03    0.366086769952E-02
   9.176000    0.960747667367E+00   29.294086    0.100003112984E+01    0.596372277157E-03    0.270342081291E-02
   9.238000    0.968193967151E+00   29.492019    0.999932340653E+00   -0.129613508942E-02    0.168278092619E-02
   9.300000    0.976168694159E+00   29.689952    0.100006738452E+01    0.129091253750E-02    0.627043051469E-03
   9.362000    0.984457007346E+00   29.887885    0.999967541142E+00   -0.621801004676E-03   -0.435883913652E-03
   9.424000    0.992841159816E+00   30.085818    0.999992751810E+00   -0.138829610287E-03   -0.147879717331E-02
   9.486000    0.100110518802E+01   30.283751    0.100004947487E+01    0.947810155864E-03   -0.247565823010E-02
   9.548000    0.100904030261E+01   30.481684    0.999930633376E+00   -0.132886124209E-02   -0.340210817135E-02
   9.610000    0.101645044435E+01   30.679617    0.100004962357E+01    0.950627308249E-03   -0.423572149400E-02
   9.672000    0.102315823994E+01   30.877550    0.999985315883E+00   -0.281337539076E-03   -0.495656909179E-02
   9.734000    0.102901003017E+01   31.075483    0.999973105674E+00   -0.515257732953E-03   -0.554729420224E-02
   9.796000    0.103388058766E+01   31.273416    0.100006107021E+01    0.116988291517E-02   -0.599379572016E-02
   9.858000    0.103767556679E+01   31.471349    0.999940125732E+00   -0.114706490933E-02   -0.628506385378E-02
   9.920000    0.104033322941E+01   31.669282    0.100003305245E+01    0.633192522013E-03   -0.641377854115E-02
   9.982000    0.104182421442E+01   31.867215    0.100000367207E+01    0.703553216660E-04   -0.637635821918E-02
  10.044000    0.104215073948E+01   32.065148    0.999955279697E+00   -0.856698430153E-03   -0.617329923433E-02
  10.106000    0.104134475791E+01   32.263081    0.100006157881E+01    0.117968498920E-02   -0.580893785131E-02
  10.168000    0.103946687293E+01   32.461014    0.999953430199E+00   -0.892125923567E-03   -0.529195638247E-02
  10.230000    0.103660413247E+01   32.658947    0.100001722598E+01    0.330017477619E-03   -0.463492728127E-02
  10.292000    0.103286787775E+01   32.856880    0.100002369671E+01    0.453977837646E-03   -0.385424107375E-02
  10.354000    0.102839058449E+01   33.054813    0.999945503444E+00   -0.104398145284E-02   -0.296977125925E-02
  10.416000    0.102332176163E+01   33.252746    0.100005407758E+01    0.103599257769E-02   -0.200443518218E-02
  10.478000    0.101782280373E+01   33.450679    0.999966198545E+00   -0.647517556645E-03   -0.983472523176E-03
  10.540000    0.101206154750E+01   33.648612    0.999998380818E+00   -0.310049819026E-04    0.661634860152E-04
  10.602000    0.100620653416E+01   33.846545    0.100004000039E+01    0.766297115304E-03    0.111663812264E-02
  10.664000    0.100042158077E+01   34.044478    0.999945310158E+00   -0.104769983611E-02    0.214007576033E-02
  10.726000    0.994860930769E+00   34.242411    0.100004491935E+01    0.860521717310E-03    0.310933425397E-02
  10.788000    0.989665007182E+00   34.440344    0.999981651000E+00   -0.351515490406E-03    0.399887530642E-02
  10.850000    0.984957126906E+00   34.638277    0.999979195993E+00   -0.398549326087E-03    0.478544064023E-02
  10.912000    0.980841024940E+00   34.836210    0.100004814866E+01    0.922403069190E-03    0.544872545187E-02
  10.974000    0.977399241201E+00   35.034143    0.999949933950E+00   -0.959099443392E-03    0.597195473612E-02
  11.036000    0.974692481729E+00   35.232076    0.100003390981E+01    0.649633441267E-03    0.634215097267E-02
  11.098000    0.972759411686E+00   35.430009    0.100000020633E+01    0.396522531393E-05    0.655056023185E-02
  11.160000    0.971617127948E+00   35.627942    0.999964742906E+00   -0.675403139712E-03    0.659287991969E-02
  11.222000    0.971262506358E+00   35.825875    0.100004913823E+01    0.941379389161E-03    0.646893849191E-02
  11.284000    0.971673218443E+00   36.023808    0.999956279289E+00   -0.837522633653E-03    0.618297026779E-02
  11.346000    0.972809487159E+00   36.221741    0.100001863200E+01    0.356969365947E-03    0.574329634830E-02
  11.408000    0.974615963021E+00   36.419674    0.100001794506E+01    0.343810890186E-03    0.516198010676E-02
  11.470000    0.977023669023E+00   36.617607    0.999957621929E+00   -0.811820529702E-03    0.445446294643E-02
  11.532000    0.979951938431E+00   36.815540    0.100004734860E+01    0.907058311723E-03    0.363922343051E-02
  11.594000    0.983310630933E+00   37.013473    0.999966690861E+00   -0.638135647997E-03    0.273716998593E-02
  11.656000    0.987002219370E+00   37.211406    0.100000098351E+01    0.187838258413E-04    0.177118715247E-02
  11.718000    0.990924077479E+00   37.409339    0.100003051364E+01    0.584475332824E-03    0.765501947568E-03
  11.780000    0.994970727871E+00   37.607272    0.999954949117E+00   -0.863133524777E-03   -0.254868278579E-03
  11.842000    0.999036181268E+00   37.805205    0.100004234519E+01    0.811112614427E-03   -0.126471633838E-02
  11.904000    0.100301634616E+01   38.003138    0.999981432656E+00   -0.355694016607E-03   -0.223927328136E-02
  11.966000    0.100681138306E+01   38.201071    0.999985052279E+00   -0.286346483359E-03   -0.315474795531E-02
  12.028000    0.101032811541E+01   38.399004    0.100003760797E+01    0.720472121284E-03   -0.398894030050E-02
  12.090000    0.101348223542E+01   38.596937    0.999954832210E+00   -0.865267623177E-03   -0.472171208088E-02
  12.152000    0.101620047005E+01   38.794870    0.100003232423E+01    0.619255261251E-03   -0.533551075177E-02
  12.214000    0.101842232092E+01   38.992803    0.999997792930E+00   -0.422621258763E-04   -0.581567397540E-02
  12.276000    0.102010188139E+01   39.190736    0.999973929084E+00   -0.499423907408E-03   -0.615105406814E-02
  12.338000    0.102120856098E+01   39.388669    0.100004208180E+01    0.806180321217E-03   -0.633389399425E-02
