   0.000000    0.000000000000E+00    0.000000    0.150779140289E-01   -0.205378493432E+01    0.100000000000E+31
   0.062000    0.000000000000E+00    0.197933    0.153495538537E-01   -0.188778686541E+02    0.239296079778E+04
   0.124000    0.000000000000E+00    0.395866    0.162489547939E-01   -0.188545558360E+02    0.205379827839E+04
   0.186000    0.000000000000E+00    0.593799    0.179623223148E-01   -0.188172455664E+02    0.176316838710E+04
   0.248000    0.000000000000E+00    0.791732    0.207976101488E-01   -0.187602310452E+02    0.151406235608E+04
   0.310000    0.000000000000E+00    0.989665    0.253390972791E-01   -0.186717799900E+02    0.130044962482E+04
   0.372000    0.000000000000E+00    1.187598    0.326919811304E-01   -0.185301127092E+02    0.111713592428E+04
   0.434000    0.000000000000E+00    1.385531    0.450725006464E-01   -0.182924863215E+02    0.959697387574E+03
   0.496000    0.000000000000E+00    1.583464    0.672556875182E-01   -0.178672157572E+02    0.824440002675E+03
   0.558000    0.000000000000E+00    1.781397    0.110708496245E+00   -0.170346177389E+02    0.708323586177E+03
   0.620000    0.000000000000E+00    1.979330    0.206955563508E+00   -0.151907498244E+02    0.608865483410E+03
   0.682000    0.000000000000E+00    2.177263    0.458612058625E+00   -0.103700019988E+02    0.523999666411E+03
   0.744000    0.000000000000E+00    2.375196    0.122894932011E+01    0.438508227110E+01    0.451945968763E+03
   0.806000    0.000000000000E+00    2.573129    0.272311732203E+01    0.329990708526E+02    0.391068676766E+03
   0.868000    0.000000000000E+00    2.771062    0.212646739406E+01    0.215745876242E+02    0.339812667499E+03
   0.930000    0.000000000000E+00    2.968995    0.122890151815E+01    0.438447173043E+01    0.296683642194E+03
   0.992000    0.000000000000E+00    3.166928    0.844402481256E+00   -0.298054401954E+01    0.260268907011E+03
   1.054000    0.000000000000E+00    3.364861    0.685869103099E+00   -0.601751848610E+01    0.229282989123E+03
   1.116000    0.000000000000E+00    3.562794    0.631006752131E+00   -0.706860328512E+01    0.202608184387E+03
   1.178000    0.355271367880E-14    3.760727    0.638984353038E+00   -0.691586342617E+01    0.179326488726E+03
   1.240000    0.000000000000E+00    3.958660    0.697750476712E+00   -0.579014629621E+01    0.158724160049E+03
   1.302000    0.000000000000E+00    4.156593    0.806505119895E+00   -0.370678386854E+01    0.140279047550E+03
   1.364000    0.000000000000E+00    4.354526    0.961012321219E+00   -0.746896350161E+00    0.123631702080E+03
   1.426000    0.000000000000E+00    4.552459    0.113498052702E+01    0.258590413824E+01    0.108546856540E+03
   1.488000    0.000000000000E+00    4.750392    0.126178945218E+01    0.501536911392E+01    0.948784541833E+02
   1.550000    0.000000000000E+00    4.948325    0.127251353731E+01    0.522089437038E+01    0.825316358884E+02
   1.612000    0.000000000000E+00    5.146258    0.117129135146E+01    0.328159327229E+01    0.714399326991E+02
   1.674000    0.000000000000E+00    5.344191    0.104730537633E+01    0.906240407414E+00    0.615434720441E+02
   1.736000    0.000000000000E+00    5.542124    0.958769016305E+00   -0.789857945317E+00    0.527804631913E+02
   1.798000    0.107647224468E-11    5.740057    0.905906235698E+00   -0.180253497394E+01    0.450797976870E+02
   1.860000    0.260190091694E-09    5.937990    0.882518126827E+00   -0.225058538672E+01    0.383615564161E+02
   1.922000    0.266447024444E-07    6.135923    0.886000487944E+00   -0.218388682610E+01    0.325386315194E+02
   1.984000    0.126867857553E-05    6.333856    0.913511492828E+00   -0.165686705746E+01    0.275200712689E+02
   2.046000    0.308284589270E-04    6.531789    0.958874643502E+00   -0.787844786881E+00    0.232146272148E+02
   2.108000    0.418304243260E-03    6.729722    0.101109096962E+01    0.212472974037E+00    0.195340472115E+02
   2.170000    0.344853707781E-02    6.927655    0.105439095310E+01    0.104198302651E+01    0.163955057787E+02
   2.232000    0.186554930800E-01    7.125588    0.107459090834E+01    0.142895806977E+01    0.137234754158E+02
   2.294000    0.709361308481E-01    7.323521    0.106819456694E+01    0.130641773015E+01    0.114504806440E+02
   2.356000    0.201299516784E+00    7.521454    0.104459619910E+01    0.854335800704E+00    0.951769676988E+01
   2.418000    0.448913932237E+00    7.719387    0.101662976779E+01    0.318578119083E+00    0.787437824652E+01
   2.480000    0.821757587386E+00    7.917320    0.992135345593E+00   -0.150662967944E+00    0.647765032838E+01
   2.542000    0.128059588145E+01    8.115253    0.974005337080E+00   -0.497980096073E+00    0.529149544379E+01
   2.604000    0.175076717232E+01    8.313186    0.964020667809E+00   -0.689256866845E+00    0.428598467212E+01
   2.666000    0.215373517591E+01    8.511119    0.963445404830E+00   -0.700277746541E+00    0.343562480493E+01
   2.728000    0.243102123432E+01    8.709052    0.971883957525E+00   -0.538620961968E+00    0.272039204534E+01
   2.790000    0.256214798675E+01    8.906985    0.986480069263E+00   -0.259002853943E+00    0.212201400757E+01
   2.852000    0.255771373747E+01    9.104918    0.100250097879E+01    0.479113947976E-01    0.162508366249E+01
   2.914000    0.244672546864E+01    9.302851    0.101491248186E+01    0.285680540273E+00    0.121660202322E+01
   2.976000    0.226533108866E+01    9.500784    0.102066491852E+01    0.395880967619E+00    0.885017868562E+00
   3.038000    0.204675012718E+01    9.698718    0.101984137781E+01    0.380103909228E+00    0.620330777026E+00
   3.100000    0.181765103384E+01    9.896651    0.101478053665E+01    0.283152373928E+00    0.413416309800E+00
   3.162000    0.159634821467E+01   10.094584    0.100794187605E+01    0.152143282504E+00    0.256094268491E+00
   3.224000    0.139413036510E+01   10.292517    0.100086516265E+01    0.165742056709E-01    0.140700986493E+00
   3.286000    0.121657445155E+01   10.490450    0.994538261330E+00   -0.104630579681E+00    0.601427140079E-01
   3.348000    0.106545729732E+01   10.688383    0.990062793881E+00   -0.190367432045E+00    0.771467307151E-02
   3.410000    0.940128105136E+00   10.886316    0.988450397302E+00   -0.221256393900E+00   -0.228460282673E-01
   3.472000    0.838588120592E+00   11.084249    0.990018289750E+00   -0.191220391652E+00   -0.372789500544E-01
   3.534000    0.758295947257E+00   11.282182    0.994002047499E+00   -0.114903592779E+00   -0.407603491627E-01
   3.596000    0.696506896691E+00   11.480115    0.998847016049E+00   -0.220883947574E-01   -0.376217937882E-01
   3.658000    0.650679904560E+00   11.678048    0.100291179221E+01    0.557807206236E-01   -0.314150948436E-01
   3.720000    0.618434823461E+00   11.875981    0.100523645269E+01    0.100314326820E+00   -0.246128405880E-01
   3.782000    0.597780609795E+00   12.073914    0.100577745832E+01    0.110678352912E+00   -0.189039537946E-01
   3.844000    0.586926717951E+00   12.271847    0.100507288495E+01    0.971807513919E-01   -0.150143575613E-01
   3.906000    0.584448053499E+00   12.469780    0.100365542648E+01    0.700264450432E-01   -0.131961485982E-01
   3.968000    0.589068387688E+00   12.667713    0.100182209038E+01    0.349059300139E-01   -0.131271017646E-01
   4.030000    0.599801687533E+00   12.865646    0.999785161364E+00   -0.411545469499E-02   -0.144021098794E-01
   4.092000    0.615751200038E+00   13.063579    0.997922926207E+00   -0.397902655049E-01   -0.164019575437E-01
   4.154000    0.636238230082E+00   13.261512    0.996730528965E+00   -0.626329944870E-01   -0.186626238291E-01
   4.216000    0.660630391245E+00   13.459445    0.996558808264E+00   -0.659226002479E-01   -0.206921001760E-01
   4.278000    0.688456608073E+00   13.657378    0.997360839982E+00   -0.505580153892E-01   -0.222109844112E-01
   4.340000    0.719267255585E+00   13.855311    0.998712886709E+00   -0.246568157039E-01   -0.229622855871E-01
   4.402000    0.752728369252E+00   14.053244    0.100005168128E+01    0.990471227455E-03   -0.228594481636E-01
   4.464000    0.788517503323E+00   14.251177    0.100098724164E+01    0.189130315700E-01   -0.218342299080E-01
   4.526000    0.826392396033E+00   14.449110    0.100143336029E+01    0.274592274366E-01   -0.199243454522E-01
   4.588000    0.866115150418E+00   14.647043    0.100152356310E+01    0.291871091122E-01   -0.171691945622E-01
   4.650000    0.907488171876E+00   14.844976    0.100139705811E+01    0.267635299539E-01   -0.136586758329E-01
   4.712000    0.950290704509E+00   15.042909    0.100109018276E+01    0.208846417226E-01   -0.947629278039E-02
   4.774000    0.994252877490E+00   15.240842    0.100058275414E+01    0.111638247887E-01   -0.471525643331E-02
   4.836000    0.103897194093E+01   15.438775    0.999935679137E+00   -0.123226210219E-02    0.537154045003E-03
   4.898000    0.108380179649E+01   15.636708    0.999330228310E+00   -0.128309568135E-01    0.620974395800E-02
   4.960000    0.112775215265E+01   15.834641    0.998983121486E+00   -0.194804039299E-01    0.122358689677E-01
   5.022000    0.116910837263E+01   16.032574    0.998997061389E+00   -0.192133239788E-01    0.188037404845E-01
   5.084000    0.120505073404E+01   16.230507    0.999300337230E+00   -0.134034320875E-01    0.266220490947E-01
   5.146000    0.123406626905E+01   16.428440    0.999701907038E+00   -0.571052933703E-02    0.350042407488E-01
   5.208000    0.125929771113E+01   16.626373    0.100002919922E+01    0.559455782472E-03    0.395732786989E-01
   5.270000    0.128016594468E+01   16.824306    0.100021939277E+01    0.420302842852E-02    0.393145488616E-01
   5.332000    0.129361189018E+01   17.022239    0.100031726655E+01    0.607799129085E-02    0.355039808234E-01
   5.394000    0.129726279590E+01   17.220172    0.100038372759E+01    0.735115771573E-02    0.293770810740E-01
   5.456000    0.128953449792E+01   17.418105    0.100042372749E+01    0.811745985583E-02    0.222633927857E-01
   5.518000    0.127022340467E+01   17.616038    0.100038498778E+01    0.737526659440E-02    0.152206359658E-01
   5.580000    0.124034222017E+01   17.813971    0.100023165137E+01    0.443771513514E-02    0.908911693018E-02
   5.642000    0.120195891816E+01   18.011904    0.999999760949E+00   -0.470229908369E-05    0.439199468939E-02
   5.704000    0.115773171092E+01   18.209837    0.999789673174E+00   -0.402942858608E-02    0.138970007731E-02
   5.766000    0.111050884384E+01   18.407770    0.999691956238E+00   -0.590141921798E-02    0.857010439550E-04
   5.828000    0.106295184463E+01   18.605703    0.999726224123E+00   -0.524495368143E-02    0.288179765466E-03
   5.890000    0.101730470482E+01   18.803636    0.999833417409E+00   -0.319143800961E-02    0.166279905022E-02
   5.952000    0.975282525798E+00   19.001569    0.999933114902E+00   -0.128130644405E-02    0.379623962776E-02
   6.014000    0.938061303039E+00   19.199502    0.999983502021E+00   -0.315993206859E-03    0.625899629851E-02
   6.076000    0.906337796279E+00   19.397435    0.100000334155E+01    0.641026669966E-04    0.865552361541E-02
   6.138000    0.880415086148E+00   19.595368    0.100003422075E+01    0.655676605826E-03    0.106675023400E-01
   6.200000    0.860299950216E+00   19.793301    0.100009184124E+01    0.175953387105E-02    0.120757603390E-01
   6.262000    0.845788375406E+00   19.991234    0.100014538750E+01    0.278533259091E-02    0.127692974578E-01
   6.324000    0.836537404356E+00   20.189167    0.100014977000E+01    0.286927672098E-02    0.127379834170E-01
   6.386000    0.832121058084E+00   20.387100    0.100008939228E+01    0.171258514629E-02    0.120535798421E-01
   6.448000    0.832068813180E+00   20.585033    0.999997741987E+00   -0.431461312041E-04    0.108474210800E-01
   6.510000    0.835895630050E+00   20.782966    0.999928943797E+00   -0.136114701692E-02    0.928185290510E-02
   6.572000    0.843117268257E+00   20.980899    0.999915839662E+00   -0.161221476386E-02    0.752985767572E-02
   6.634000    0.853264330968E+00   21.178832    0.999945920582E+00   -0.103598414665E-02    0.575232369738E-02
   6.696000    0.865885124281E+00   21.376765    0.999979844453E+00   -0.386124857404E-03    0.408821482813E-02
   6.758000    0.880551086388E+00   21.574698    0.999987157373E+00   -0.246030309268E-03    0.264309733734E-02
   6.820000    0.896853996328E+00   21.772631    0.999972221049E+00   -0.532170730175E-03    0.148931847762E-02
   6.882000    0.914406902972E+00   21.970564    0.999963413870E+00   -0.700895265629E-03    0.663922408638E-03
   6.944000    0.932839710596E+00   22.168497    0.999983445245E+00   -0.317068848851E-03    0.174255628646E-03
   7.006000    0.951797893699E+00   22.366430    0.100002485491E+01    0.476249942329E-03    0.123647245161E-05
   7.068000    0.970938715856E+00   22.564363    0.100005785905E+01    0.110852543394E-02    0.106048604503E-03
   7.130000    0.989929086667E+00   22.762296    0.100005703987E+01    0.109279763635E-02    0.435528159611E-03
   7.192000    0.100844393004E+01   22.960229    0.100002526950E+01    0.484224085120E-03    0.927404667296E-03
   7.254000    0.102616442967E+01   23.158162    0.999988995773E+00   -0.210596632178E-03    0.151602808428E-02
   7.316000    0.104277976695E+01   23.356095    0.999975086386E+00   -0.477048439129E-03    0.213526704142E-02
   7.378000    0.105798747281E+01   23.554028    0.999987346723E+00   -0.242213943265E-03    0.272389057533E-02
   7.440000    0.107150033369E+01   23.751961    0.100000701552E+01    0.134530630673E-03    0.322625905693E-02
   7.502000    0.108305083968E+01   23.949894    0.100001122976E+01    0.215123946599E-03    0.359726028854E-02
   7.564000    0.109240323336E+01   24.147827    0.999995124166E+00   -0.935976096791E-04    0.380142767261E-02
   7.626000    0.109935960456E+01   24.345760    0.999974264349E+00   -0.493406802328E-03    0.381757652815E-02
   7.688000    0.110377116682E+01   24.543693    0.999969659250E+00   -0.581810844373E-03    0.363714716495E-02
   7.750000    0.110553881567E+01   24.741626    0.999986989290E+00   -0.249943773199E-03    0.327004478521E-02
   7.812000    0.110461189995E+01   24.939559    0.100001249300E+01    0.238561426953E-03    0.275026817418E-02
   7.874000    0.110098970761E+01   25.137492    0.100002547869E+01    0.487325273236E-03    0.213847102634E-02
   7.936000    0.109474287979E+01   25.335425    0.100001775609E+01    0.340155073358E-03    0.150647390420E-02
   7.998000    0.108602768567E+01   25.533358    0.999999337179E+00   -0.125988826674E-04    0.926993152088E-03
   8.060000    0.107509958847E+01   25.731291    0.999988416017E+00   -0.221735196466E-03    0.460256935151E-03
   8.122000    0.106231172061E+01   25.929224    0.999993931496E+00   -0.116016751784E-03    0.148072209740E-03
   8.184000    0.104810480861E+01   26.127157    0.100000884936E+01    0.169798691461E-03    0.844361933965E-05
   8.246000    0.103298308936E+01   26.325090    0.100001722275E+01    0.330214620885E-03    0.363062862487E-04
   8.308000    0.101748366527E+01   26.523023    0.100001002375E+01    0.192277100924E-03    0.206194182646E-03
   8.370000    0.100214235042E+01   26.720956    0.999992707231E+00   -0.139507779450E-03    0.477644037322E-03
   8.432000    0.987460855848E+00   26.918889    0.999980242768E+00   -0.378313140764E-03    0.802513099082E-03
   8.494000    0.973881343125E+00   27.116822    0.999982669354E+00   -0.331889652371E-03    0.113106804718E-02
   8.556000    0.961766915125E+00   27.314755    0.999996843640E+00   -0.604130385747E-04    0.141954828376E-02
   8.618000    0.951393698844E+00   27.512688    0.100000963856E+01    0.184650485398E-03    0.163336087898E-02
   8.680000    0.942947561871E+00   27.710621    0.100001084003E+01    0.207640945015E-03    0.175175470917E-02
   8.742000    0.936530660208E+00   27.908554    0.100000153697E+01    0.294380263970E-04    0.176669928098E-02
   8.804000    0.932168349468E+00   28.106487    0.999992499369E+00   -0.143707642091E-03    0.168396441230E-02
   8.866000    0.929822320059E+00   28.304420    0.999993061956E+00   -0.132946715309E-03    0.151868175859E-02
   8.928000    0.929400658432E+00   28.502353    0.100000293617E+01    0.562646549135E-04    0.129412562451E-02
   8.990000    0.930771262321E+00   28.700287    0.100001255344E+01    0.240512829264E-03    0.103623912882E-02
   9.052000    0.933770677183E+00   28.898220    0.100001267391E+01    0.242826022103E-03    0.772014928637E-03
   9.114000    0.938214640202E+00   29.096153    0.100000254902E+01    0.488590415365E-04    0.525055412540E-03
   9.176000    0.943904306473E+00   29.294086    0.999990751435E+00   -0.177143986695E-03    0.314843123847E-03
   9.238000    0.950633296073E+00   29.492019    0.999986794427E+00   -0.252939110644E-03    0.154344163130E-03
   9.300000    0.958191464068E+00   29.689952    0.999993009370E+00   -0.133877989117E-03    0.504649263492E-04
   9.362000    0.966369031007E+00   29.887885    0.100000268727E+01    0.515156072732E-04    0.365824017668E-05
   9.424000    0.974958820739E+00   30.085818    0.100000711582E+01    0.136375448177E-03    0.915511760468E-05
   9.486000    0.983758492842E+00   30.283751    0.100000325476E+01    0.623894487144E-04    0.579485360045E-04
   9.548000    0.992572220157E+00   30.481684    0.999996242790E+00   -0.719707772169E-04    0.138159320159E-03
   9.610000    0.100121202078E+01   30.679617    0.999993669511E+00   -0.121303719303E-03    0.236656409441E-03
   9.672000    0.100949968551E+01   30.877550    0.999998558832E+00   -0.276742041857E-04    0.340030177993E-03
   9.734000    0.101726799604E+01   31.075483    0.100000641945E+01    0.122892410037E-03    0.436261868278E-03
   9.796000    0.102436331265E+01   31.273416    0.100000993458E+01    0.190219376820E-03    0.515026592033E-03
   9.858000    0.103064706872E+01   31.471349    0.100000555187E+01    0.106251484081E-03    0.569057653925E-03
   9.920000    0.103599900382E+01   31.669282    0.999996925352E+00   -0.588937239544E-04    0.593740227107E-03
   9.982000    0.104031889448E+01   31.867215    0.999991192048E+00   -0.168715808026E-03    0.588018987746E-03
  10.044000    0.104352995677E+01   32.065148    0.999992706670E+00   -0.139692163901E-03    0.553411886408E-03
  10.106000    0.104558030542E+01   32.263081    0.999999179793E+00   -0.156815681841E-04    0.494455681943E-03
  10.168000    0.104644574733E+01   32.461014    0.100000446182E+01    0.855096584124E-04    0.417352835762E-03
  10.230000    0.104613035970E+01   32.658947    0.100000414873E+01    0.795151265846E-04    0.330035261720E-03
  10.292000    0.104466789097E+01   32.856880    0.999999593121E+00   -0.775883708879E-05    0.240698935270E-03
  10.354000    0.104212099805E+01   33.054813    0.999995930629E+00   -0.779298639809E-04    0.157610040910E-03
  10.416000    0.103858078371E+01   33.252746    0.999997175305E+00   -0.540637512889E-04    0.877728508485E-04
  10.478000    0.103416424141E+01   33.450679    0.100000226437E+01    0.434183824615E-04    0.366491769831E-04
  10.540000    0.102901135737E+01   33.648612    0.100000639966E+01    0.122625762168E-03    0.729608883597E-05
  10.602000    0.102328052403E+01   33.846545    0.100000545117E+01    0.104439887592E-03    0.349102030662E-06
  10.664000    0.101714346390E+01   34.044478    0.999999986157E+00   -0.268611791891E-06    0.139473309091E-04
  10.726000    0.101077931569E+01   34.242411    0.999994506517E+00   -0.105245866486E-03    0.441211282876E-04
  10.788000    0.100436836750E+01   34.440344    0.999993483030E+00   -0.124856027812E-03    0.854403877962E-04
  10.850000    0.998086011956E+00   34.638277    0.999997240087E+00   -0.528871019685E-04    0.131608696196E-03
  10.912000    0.992096723536E+00   34.836210    0.100000212015E+01    0.406431388578E-04    0.176459352443E-03
  10.974000    0.986549248684E+00   35.034143    0.100000389045E+01    0.745647485681E-04    0.214392559920E-03
  11.036000    0.981572102689E+00   35.232076    0.100000170123E+01    0.326315783507E-04    0.241274530662E-03
  11.098000    0.977270885314E+00   35.430009    0.999998372456E+00   -0.311466326759E-04    0.254433391159E-03
  11.160000    0.973726069058E+00   35.627942    0.999997584299E+00   -0.462356446485E-04    0.253179762140E-03
  11.222000    0.970992714464E+00   35.825875    0.100000018344E+01    0.358047932780E-05    0.238314109266E-03
  11.284000    0.969100453283E+00   36.023808    0.100000362412E+01    0.695042576564E-04    0.212244356243E-03
  11.346000    0.968055130893E+00   36.221741    0.100000434707E+01    0.833513842840E-04    0.178190248043E-03
  11.408000    0.967840406644E+00   36.419674    0.100000131558E+01    0.252872344978E-04    0.140066689446E-03
  11.470000    0.968420507723E+00   36.617607    0.999996871010E+00   -0.598885998096E-04    0.101674966455E-03
  11.532000    0.969742624782E+00   36.815540    0.999994698843E+00   -0.101549321939E-03    0.665691885892E-04
  11.594000    0.971739943117E+00   37.013473    0.999996387667E+00   -0.692543444472E-04    0.374774230387E-04
  11.656000    0.974334196762E+00   37.211406    0.100000025472E+01    0.476573162740E-05    0.162943568668E-04
  11.718000    0.977438438637E+00   37.409339    0.100000293212E+01    0.560109399568E-04    0.384014186275E-05
  11.780000    0.980959351919E+00   37.607272    0.100000257190E+01    0.490770845466E-04    0.266784460514E-08
  11.842000    0.984799528149E+00   37.805205    0.100000021191E+01    0.384798079315E-05    0.380365225230E-05
  11.904000    0.988859448594E+00   38.003138    0.999998610572E+00   -0.266131067631E-04    0.136208947238E-04
  11.966000    0.993039320673E+00   38.201071    0.999999435992E+00   -0.107871124023E-04    0.274461468571E-04
  12.028000    0.997240800464E+00   38.399004    0.100000177953E+01    0.341187368632E-04    0.430838265024E-04
  12.090000    0.100136848392E+01   38.596937    0.100000306970E+01    0.588410774461E-04    0.584675854086E-04
  12.152000    0.100533154638E+01   38.794870    0.100000168575E+01    0.323315935708E-04    0.717507631815E-04
  12.214000    0.100904507835E+01   38.992803    0.999998451408E+00   -0.296264650459E-04    0.815789730627E-04
  12.276000    0.101243165372E+01   39.190736    0.999996003316E+00   -0.765265515323E-04    0.870369410364E-04
  12.338000    0.101542255664E+01   39.388669    0.999996308147E+00   -0.706943392990E-04    0.878257288474E-04
