   0.000000    0.000000000000E+00    0.000000    0.168419006985E-01   -0.851348975620E+02    0.100000000000E+31
   0.062000    0.000000000000E+00    0.197933    0.166650660463E-01   -0.155379115694E+02    0.233169733924E+04
   0.124000    0.000000000000E+00    0.395866    0.171073713993E-01   -0.155285538116E+02    0.111711550325E+04
   0.186000    0.000000000000E+00    0.593799    0.185806326744E-01   -0.155044316307E+02    0.714188921468E+03
   0.248000    0.000000000000E+00    0.791732    0.208922279905E-01   -0.154670254990E+02    0.514883773672E+03
   0.310000    0.000000000000E+00    0.989665    0.245373067778E-01   -0.154087727550E+02    0.397335592775E+03
   0.372000    0.000000000000E+00    1.187598    0.298840066554E-01   -0.153238124157E+02    0.320705224482E+03
   0.434000    0.000000000000E+00    1.385531    0.381808493650E-01   -0.151926512955E+02    0.267341275679E+03
   0.496000    0.000000000000E+00    1.583464    0.516237445525E-01   -0.149805283847E+02    0.228319921339E+03
   0.558000    0.000000000000E+00    1.781397    0.739642690641E-01   -0.146281306903E+02    0.198630822800E+03
   0.620000    0.000000000000E+00    1.979330    0.118847649142E+00   -0.139196539599E+02    0.175248918141E+03
   0.682000    0.000000000000E+00    2.177263    0.214647922680E+00   -0.124067014665E+02    0.156254532865E+03
   0.744000    0.000000000000E+00    2.375196    0.407130397212E+00   -0.936614168554E+01    0.140386532491E+03
   0.806000    0.000000000000E+00    2.573129    0.124412865027E+01    0.385683814433E+01    0.126801181562E+03
   0.868000    0.000000000000E+00    2.771062    0.410649962412E+01    0.490812233305E+02    0.114924421925E+03
   0.930000    0.000000000000E+00    2.968995    0.144190916445E+01    0.698161995720E+01    0.104363976163E+03
   0.992000    0.000000000000E+00    3.166928    0.100852736040E+01    0.134719229874E+00    0.948509034393E+02
   1.054000    0.000000000000E+00    3.364861    0.797650846127E+00   -0.319678050028E+01    0.861981825260E+02
   1.116000    0.000000000000E+00    3.562794    0.649965114836E+00   -0.552986529837E+01    0.782758618343E+02
   1.178000    0.000000000000E+00    3.760727    0.638997366062E+00   -0.570304060413E+01    0.709903512282E+02
   1.240000    0.000000000000E+00    3.958660    0.639772781057E+00   -0.569072358912E+01    0.642738381375E+02
   1.302000    0.177635683940E-13    4.156593    0.696777376975E+00   -0.479018645150E+01    0.580730594481E+02
   1.364000    0.945021838561E-12    4.354526    0.810187012659E+00   -0.299861507930E+01    0.523467250740E+02
   1.426000    0.364721586266E-10    4.552459    0.928032500886E+00   -0.113694456058E+01    0.470600423574E+02
   1.488000    0.973908953483E-09    4.750392    0.110607171237E+01    0.167575502230E+01    0.421829680724E+02
   1.550000    0.185296151756E-07    4.948325    0.123494060480E+01    0.371172917160E+01    0.376888746286E+02
   1.612000    0.258332782721E-06    5.146258    0.126896008506E+01    0.424921290775E+01    0.335534463744E+02
   1.674000    0.270806596703E-05    5.344191    0.125840207184E+01    0.408240548312E+01    0.297543121746E+02
   1.736000    0.218608483564E-04    5.542124    0.106717587967E+01    0.106126520578E+01    0.262706778957E+02
   1.798000    0.138942283817E-03    5.740057    0.959974419495E+00   -0.632326896245E+00    0.230830507448E+02
   1.860000    0.709728168196E-03    5.937990    0.923440714856E+00   -0.120947464349E+01    0.201731473604E+02
   1.922000    0.296924804285E-02    6.135923    0.890253337712E+00   -0.173374596089E+01    0.175239394217E+02
   1.984000    0.103551853625E-01    6.333856    0.898715745993E+00   -0.160004940547E+01    0.151192382001E+02
   2.046000    0.305918396659E-01    6.531789    0.903425749624E+00   -0.152564214405E+01    0.129440140640E+02
   2.108000    0.777056010008E-01    6.729722    0.939486076132E+00   -0.955981059547E+00    0.109840235970E+02
   2.170000    0.172010074412E+00    6.927655    0.986239316868E+00   -0.217388673571E+00    0.922603175513E+01
   2.232000    0.335960816649E+00    7.125588    0.102283076942E+01    0.360681064795E+00    0.765752292167E+01
   2.294000    0.585525593878E+00    7.323521    0.106423331812E+01    0.101476211976E+01    0.626674051095E+01
   2.356000    0.919915912309E+00    7.521454    0.106715109507E+01    0.106085648504E+01    0.504264183892E+01
   2.418000    0.131492309669E+01    7.719387    0.105164496758E+01    0.815887150480E+00    0.397479967715E+01
   2.480000    0.172442738505E+01    7.917320    0.103267001021E+01    0.516119866426E+00    0.305329347839E+01
   2.542000    0.209252064451E+01    8.115253    0.999689784018E+00   -0.490044990025E-02    0.226780425504E+01
   2.604000    0.236692865996E+01    8.313186    0.989498214460E+00   -0.165905665424E+00    0.160885950258E+01
   2.666000    0.251680425618E+01    8.511119    0.978509373149E+00   -0.339504509851E+00    0.106575455394E+01
   2.728000    0.253619892661E+01    8.709052    0.971896548378E+00   -0.443970896290E+00    0.627950600998E+00
   2.790000    0.244111794470E+01    8.906985    0.976786959367E+00   -0.366712842131E+00    0.285077243889E+00
   2.852000    0.226184577216E+01    9.104918    0.976935951486E+00   -0.364359286933E+00    0.266974576293E-01
   2.914000    0.203279545771E+01    9.302851    0.990718483048E+00   -0.146627328825E+00   -0.157435145496E+00
   2.976000    0.178538166051E+01    9.500784    0.100275731350E+01    0.435595476294E-01   -0.277541873041E+00
   3.038000    0.154357308951E+01    9.698718    0.100903196564E+01    0.142685639802E+00   -0.343680157096E+00
   3.100000    0.132298819481E+01    9.896651    0.101837096795E+01    0.290221422604E+00   -0.365793497992E+00
   3.162000    0.113177585271E+01   10.094584    0.101236093515E+01    0.195275958585E+00   -0.353581936189E+00
   3.224000    0.972524031081E+00   10.292517    0.100915686102E+01    0.144658660299E+00   -0.316363401573E+00
   3.286000    0.844229116041E+00   10.490450    0.100514847637E+01    0.813348912180E-01   -0.262829228288E+00
   3.348000    0.743913836014E+00   10.688383    0.997809441966E+00   -0.346059237329E-01   -0.200712057991E+00
   3.410000    0.667810385482E+00   10.886316    0.999286220687E+00   -0.112762334722E-01   -0.136475310378E+00
   3.472000    0.612080111321E+00   11.084249    0.994917267594E+00   -0.802960450879E-01   -0.750531917874E-01
   3.534000    0.573209771706E+00   11.282182    0.993857550556E+00   -0.970373267657E-01   -0.197576550058E-01
   3.596000    0.548207900275E+00   11.480115    0.995812964070E+00   -0.661463488674E-01    0.275673065476E-01
   3.658000    0.534608019686E+00   11.678048    0.993721414705E+00   -0.991883659531E-01    0.663282364848E-01
   3.720000    0.530493046921E+00   11.875981    0.999332690042E+00   -0.105428576665E-01    0.967160804979E-01
   3.782000    0.534360132435E+00   12.073914    0.100069701040E+01    0.110103226185E-01    0.119486532310E+00
   3.844000    0.545132948922E+00   12.271847    0.100186815361E+01    0.295118878467E-01    0.135519615145E+00
   3.906000    0.561990062163E+00   12.469780    0.100483521277E+01    0.763849624668E-01    0.145823473158E+00
   3.968000    0.584406295611E+00   12.667713    0.100117723166E+01    0.185976615231E-01    0.151237862733E+00
   4.030000    0.611977630162E+00   12.865646    0.100205311843E+01    0.324349239577E-01    0.152608169308E+00
   4.092000    0.644487050898E+00   13.063579    0.100086161133E+01    0.136118589705E-01    0.150577603720E+00
   4.154000    0.681732764399E+00   13.261512    0.998890702331E+00   -0.175240395814E-01    0.145810877500E+00
   4.216000    0.723603907625E+00   13.459445    0.100115813745E+01    0.182964959201E-01    0.138820107909E+00
   4.278000    0.769914935020E+00   13.657378    0.998460092491E+00   -0.243266311980E-01    0.130164976398E+00
   4.340000    0.820463973584E+00   13.855311    0.999220535958E+00   -0.123133287341E-01    0.120309258492E+00
   4.402000    0.874882673995E+00   14.053244    0.999454949325E+00   -0.861019700534E-02    0.109756754300E+00
   4.464000    0.932635239592E+00   14.251177    0.997808202857E+00   -0.346251718649E-01    0.989656605029E-01
   4.526000    0.992909922349E+00   14.449110    0.100059164634E+01    0.934695783809E-02    0.883862832053E-01
   4.588000    0.105449814131E+01   14.647043    0.999612559019E+00   -0.612057576496E-02    0.784837603461E-01
   4.650000    0.111582123082E+01   14.844976    0.100039152899E+01    0.618531945667E-02    0.696209704220E-01
   4.712000    0.117461788391E+01   15.042909    0.100154016901E+01    0.243312278653E-01    0.622835301393E-01
   4.774000    0.122841002575E+01   15.240842    0.999366737366E+00   -0.100042333521E-01    0.566590357916E-01
   4.836000    0.127381631033E+01   15.438775    0.100094600320E+01    0.149447681635E-01    0.533035472222E-01
   4.898000    0.131276768971E+01   15.636708    0.999800202112E+00   -0.315642483301E-02    0.485128568618E-01
   4.960000    0.134811803660E+01   15.834641    0.999526972908E+00   -0.747275784280E-02    0.383358302744E-01
   5.022000    0.137533925746E+01   16.032574    0.100097493590E+01    0.154018895358E-01    0.247107741788E-01
   5.084000    0.139037114149E+01   16.230507    0.999163833495E+00   -0.132095473117E-01    0.946307763840E-02
   5.146000    0.138950057604E+01   16.428440    0.100038227278E+01    0.603913173241E-02   -0.523705272566E-02
   5.208000    0.137126195831E+01   16.626373    0.999885162830E+00   -0.181408436369E-02   -0.179210254749E-01
   5.270000    0.133601017615E+01   16.824306    0.999050799386E+00   -0.149951901083E-01   -0.273690797856E-01
   5.332000    0.128632137641E+01   17.022239    0.100068955578E+01    0.108935232287E-01   -0.330409244291E-01
   5.394000    0.122604984703E+01   17.220172    0.999352353041E+00   -0.102313610125E-01   -0.347706825993E-01
   5.456000    0.115978053851E+01   17.418105    0.100036026441E+01    0.569141876030E-02   -0.328699333679E-01
   5.518000    0.109196324276E+01   17.616038    0.100054497775E+01    0.860943612706E-02   -0.279404353605E-01
   5.580000    0.102638942110E+01   17.813971    0.999364213807E+00   -0.100440752293E-01   -0.207798040430E-01
   5.642000    0.965944108413E+00   18.011904    0.100069923269E+01    0.110462219716E-01   -0.122983979500E-01
   5.704000    0.912476466800E+00   18.209837    0.999503548380E+00   -0.784298525807E-02   -0.332945823808E-02
   5.766000    0.867028180646E+00   18.407770    0.999898116299E+00   -0.160971657927E-02    0.534536803472E-02
   5.828000    0.829898625241E+00   18.605703    0.100057406478E+01    0.906878687376E-02    0.131902478109E-01
   5.890000    0.800987720343E+00   18.803636    0.999372984758E+00   -0.990561340598E-02    0.197871721316E-01
   5.952000    0.779842621390E+00   19.001569    0.100060289157E+01    0.952436967439E-02    0.249853204117E-01
   6.014000    0.765927361956E+00   19.199502    0.999756659455E+00   -0.384419089846E-02    0.287139002271E-01
   6.076000    0.758599978929E+00   19.397435    0.999621445904E+00   -0.598025107675E-02    0.310891725716E-01
   6.138000    0.757283000010E+00   19.595368    0.100050923623E+01    0.804490236711E-02    0.322302054559E-01
   6.200000    0.761399047962E+00   19.793301    0.999383530914E+00   -0.973873969184E-02    0.323449019135E-01
   6.262000    0.770467469269E+00   19.991234    0.100044962417E+01    0.710317464882E-02    0.315911316316E-01
   6.324000    0.784030622208E+00   20.189167    0.100011752965E+01    0.185680942170E-02    0.301505808643E-01
   6.386000    0.801701229354E+00   20.387100    0.999612104935E+00   -0.612779654078E-02    0.281442089461E-01
   6.448000    0.823096405040E+00   20.585033    0.100055529426E+01    0.877252746775E-02    0.256903698977E-01
   6.510000    0.847851627659E+00   20.782966    0.999440097393E+00   -0.884513103689E-02    0.228637964793E-01
   6.572000    0.875569685452E+00   20.980899    0.100015058233E+01    0.237892775711E-02    0.197322321872E-01
   6.634000    0.905812289863E+00   21.178832    0.100023205465E+01    0.366598790548E-02    0.163451279823E-01
   6.696000    0.938068738115E+00   21.376765    0.999567220929E+00   -0.683694372686E-02    0.127472498212E-01
   6.758000    0.971736991028E+00   21.574698    0.100056682627E+01    0.895459838600E-02    0.898621280411E-02
   6.820000    0.100611827377E+01   21.772631    0.999645114319E+00   -0.560639826393E-02    0.510616803439E-02
   6.882000    0.104040283942E+01   21.970564    0.999941911550E+00   -0.917647597452E-03    0.116671905444E-02
   6.944000    0.107369750392E+01   22.168497    0.100029397362E+01    0.464420922112E-02   -0.277769533057E-02
   7.006000    0.110503225126E+01   22.366430    0.999495861141E+00   -0.796413222328E-02   -0.665214516941E-02
   7.068000    0.113341043833E+01   22.564363    0.100047967322E+01    0.757781479093E-02   -0.103903565329E-01
   7.130000    0.115784261591E+01   22.762296    0.999872759924E+00   -0.201001445097E-02   -0.139055270371E-01
   7.192000    0.117745692673E+01   22.960229    0.999859633603E+00   -0.221728833255E-02   -0.171227211131E-01
   7.254000    0.119150239476E+01   23.158162    0.100038485962E+01    0.608011459981E-02   -0.199481774860E-01
   7.316000    0.119944122663E+01   23.356095    0.999493508193E+00   -0.800126982837E-02   -0.222993929770E-01
   7.378000    0.120093406346E+01   23.554028    0.100028347331E+01    0.447834151223E-02   -0.240655420696E-01
   7.440000    0.119589698629E+01   23.751961    0.999995232205E+00   -0.752926340694E-04   -0.251342230525E-01
   7.502000    0.118450217907E+01   23.949894    0.999756085914E+00   -0.385341409590E-02   -0.253896593440E-01
   7.564000    0.116721922042E+01   24.147827    0.100045821573E+01    0.723854404468E-02   -0.247551106841E-01
   7.626000    0.114478443338E+01   24.345760    0.999605285562E+00   -0.623601667154E-02   -0.231933350724E-01
   7.688000    0.111818199858E+01   24.543693    0.100014157132E+01    0.223599181225E-02   -0.207282496025E-01
   7.750000    0.108856772861E+01   24.741626    0.100009245848E+01    0.146001279010E-02   -0.174382033382E-01
   7.812000    0.105719046782E+01   24.939559    0.999650591564E+00   -0.552053542163E-02   -0.134536389321E-01
   7.874000    0.102530155047E+01   25.137492    0.100043343537E+01    0.684666773591E-02   -0.894535302008E-02
   7.936000    0.994069817184E+00   25.335425    0.999748154375E+00   -0.397860385296E-02   -0.410498225235E-02
   7.998000    0.964524737172E+00   25.533358    0.100004458289E+01    0.704385816522E-03    0.864043631097E-03
   8.060000    0.937507057822E+00   25.731291    0.100021483425E+01    0.339404257086E-02    0.577198276275E-02
   8.122000    0.913664881394E+00   25.929224    0.999595355835E+00   -0.639229055198E-02    0.104423110670E-01
   8.184000    0.893446205221E+00   26.127157    0.100033164466E+01    0.523947617925E-02    0.147338055141E-01
   8.246000    0.877132161725E+00   26.325090    0.999838214921E+00   -0.255561491658E-02    0.185292425145E-01
   8.308000    0.864851793123E+00   26.523023    0.999930300791E+00   -0.110086852485E-02    0.217504108881E-01
   8.370000    0.856625341545E+00   26.720956    0.100031513030E+01    0.497855827021E-02    0.243400425736E-01
   8.432000    0.852380522087E+00   26.918889    0.999636901103E+00   -0.573597529703E-02    0.262715898530E-01
   8.494000    0.851987640752E+00   27.116822    0.100024511825E+01    0.387246288114E-02    0.275306516966E-01
   8.556000    0.855267455701E+00   27.314755    0.999938188556E+00   -0.976402621469E-03    0.281224860519E-01
   8.618000    0.862011619278E+00   27.512688    0.999806591960E+00   -0.305538772957E-02    0.280578648003E-01
   8.680000    0.871981510065E+00   27.710621    0.100034515189E+01    0.545263316344E-02    0.273594356988E-01
   8.742000    0.884914714486E+00   27.908554    0.999703068198E+00   -0.469089250978E-02    0.260537514699E-01
   8.804000    0.900517850520E+00   28.106487    0.100017091062E+01    0.270003041910E-02    0.241761218552E-01
   8.866000    0.918462834206E+00   28.304420    0.100005814637E+01    0.918563008338E-03    0.217681659861E-01
   8.928000    0.938378395682E+00   28.502353    0.999724662746E+00   -0.434970301189E-02    0.188799083246E-01
   8.990000    0.959841759974E+00   28.700287    0.100031069445E+01    0.490831418559E-02    0.155708279286E-01
   9.052000    0.982374157385E+00   28.898220    0.999756430090E+00   -0.384784803196E-02    0.119086445743E-01
   9.114000    0.100543459803E+01   29.096153    0.100006584892E+01    0.104029567985E-02    0.797220658869E-02
   9.176000    0.102842550868E+01   29.294086    0.100017159235E+01    0.271081864831E-02    0.384705056314E-02
   9.238000    0.105069611201E+01   29.492019    0.999710281225E+00   -0.457687875025E-02   -0.371347742956E-03
   9.300000    0.107156371660E+01   29.689952    0.100028041810E+01    0.443002204196E-02   -0.458452393567E-02
   9.362000    0.109033215192E+01   29.887885    0.999831543954E+00   -0.266120777422E-02   -0.868803853927E-02
   9.424000    0.110633020631E+01   30.085818    0.999949755257E+00   -0.793719024824E-03   -0.125797176785E-01
   9.486000    0.111894477334E+01   30.283751    0.100023136619E+01    0.365509318738E-02   -0.161573886064E-01
   9.548000    0.112766977387E+01   30.481684    0.999720802553E+00   -0.441070595236E-02   -0.193273353674E-01
   9.610000    0.113214258800E+01   30.679617    0.100023641823E+01    0.373485571525E-02   -0.220025052235E-01
   9.672000    0.113218541797E+01   30.877550    0.999935283687E+00   -0.102242916069E-02   -0.241103417364E-01
   9.734000    0.112782327139E+01   31.075483    0.999854798933E+00   -0.229393457093E-02   -0.255912267192E-01
   9.796000    0.111929367793E+01   31.273416    0.100024846307E+01    0.392508421102E-02   -0.264047368473E-01
   9.858000    0.110702704911E+01   31.471349    0.999732065614E+00   -0.423285531290E-02   -0.265283377473E-01
   9.920000    0.109161413846E+01   31.669282    0.100016015278E+01    0.253006707543E-02   -0.259609033108E-01
   9.982000    0.107375440908E+01   31.867215    0.100004059411E+01    0.641313929310E-03   -0.247215295627E-01
  10.044000    0.105420206709E+01   32.065148    0.999809093644E+00   -0.301587855537E-02   -0.228495086965E-01
  10.106000    0.103371510365E+01   32.263081    0.100026072920E+01    0.411897323193E-02   -0.204025663555E-01
  10.168000    0.101301433131E+01   32.461014    0.999776513172E+00   -0.353056627464E-02   -0.174535807300E-01
  10.230000    0.992757177332E+00   32.658947    0.100006246648E+01    0.986863201898E-03   -0.140887565206E-01
  10.292000    0.973520096825E+00   32.856880    0.100011508544E+01    0.181812577160E-02   -0.104023657815E-01
  10.354000    0.955793264222E+00   33.054813    0.999777197764E+00   -0.351975504432E-02   -0.649518039519E-02
  10.416000    0.939977146124E+00   33.252746    0.100025271058E+01    0.399231157378E-02   -0.246900338590E-02
  10.478000    0.926386858134E+00   33.450679    0.999849815925E+00   -0.237253838359E-02    0.157404029260E-02
  10.540000    0.915254656249E+00   33.648612    0.999973652318E+00   -0.416208907524E-03    0.553640216816E-02
  10.602000    0.906738779346E+00   33.846545    0.100016120023E+01    0.254662285618E-02    0.932442946345E-02
  10.664000    0.900928332186E+00   34.044478    0.999755126166E+00   -0.386846192234E-02    0.128527433356E-01
  10.726000    0.897853416945E+00   34.242411    0.100020876937E+01    0.329808710628E-02    0.160426701126E-01
  10.788000    0.897490041637E+00   34.440344    0.999937296276E+00   -0.990583422923E-03    0.188257854536E-01
  10.850000    0.899768286832E+00   34.638277    0.999912365326E+00   -0.138443668161E-02    0.211424492978E-01
  10.912000    0.904575292202E+00   34.836210    0.100020615131E+01    0.325676311031E-02    0.229445728457E-01
  10.974000    0.911759811813E+00   35.034143    0.999764962775E+00   -0.371301941511E-02    0.241947572758E-01
  11.036000    0.921132955046E+00   35.232076    0.100014063659E+01    0.222177180161E-02    0.248680249784E-01
  11.098000    0.932469012324E+00   35.430009    0.100000826122E+01    0.130543218988E-03    0.249519102850E-01
  11.160000    0.945505035287E+00   35.627942    0.999857016579E+00   -0.225876101603E-02    0.244469529674E-01
  11.222000    0.959939856633E+00   35.825875    0.100022746948E+01    0.359357816160E-02    0.233672279844E-01
  11.284000    0.975434507986E+00   36.023808    0.999805936148E+00   -0.306570962665E-02    0.217397522036E-01
  11.346000    0.991612579139E+00   36.221741    0.100006771348E+01    0.106977718261E-02    0.196048727857E-01
  11.408000    0.100806427546E+01   36.419674    0.100006830630E+01    0.107914222188E-02    0.170147267114E-01
  11.470000    0.102435147929E+01   36.617607    0.999809154736E+00   -0.301491270163E-02    0.140330593095E-01
  11.532000    0.104001823823E+01   36.815540    0.100021772538E+01    0.343956098068E-02    0.107327190457E-01
  11.594000    0.105460236293E+01   37.013473    0.999865984614E+00   -0.211721050091E-02    0.719513961299E-02
  11.656000    0.106765313355E+01   37.211406    0.100000804921E+01    0.127053993626E-03    0.350700572406E-02
  11.718000    0.107874906160E+01   37.409339    0.100013046761E+01    0.206095221355E-02   -0.240875616153E-03
  11.780000    0.108751946262E+01   37.607272    0.999790599636E+00   -0.330822863252E-02   -0.395693398896E-02
  11.842000    0.109366364297E+01   37.805205    0.100018048097E+01    0.285102378451E-02   -0.755031586864E-02
  11.904000    0.109697014977E+01   38.003138    0.999923474917E+00   -0.120892279587E-02   -0.109342263157E-01
  11.966000    0.109732994399E+01   38.201071    0.999942726966E+00   -0.904772427391E-03   -0.140274347085E-01
  12.028000    0.109474532742E+01   38.399004    0.100017449608E+01    0.275667310217E-02   -0.167568314904E-01
  12.090000    0.108933094726E+01   38.596937    0.999798871512E+00   -0.317735548518E-02   -0.190589807249E-01
  12.152000    0.108130845070E+01   38.794870    0.100013232880E+01    0.209053560390E-02   -0.208820044731E-01
  12.214000    0.107099326256E+01   38.992803    0.999981722607E+00   -0.288708685974E-03   -0.221862780879E-01
  12.276000    0.105877686586E+01   39.190736    0.999881857119E+00   -0.186636242512E-02   -0.229456025908E-01
  12.338000    0.104510460162E+01   39.388669    0.100019255401E+01    0.304195826634E-02   -0.231474061117E-01
