   0.000000    0.000000000000E+00    0.000000    0.152922311380E-01   -0.100512391943E+02    0.100000000000E+31
   0.062000    0.000000000000E+00    0.197933    0.155520357746E-01   -0.130409795383E+02    0.272125964093E+04
   0.124000    0.000000000000E+00    0.395866    0.162674964830E-01   -0.130280937908E+02    0.128430779011E+04
   0.186000    0.000000000000E+00    0.593799    0.174942972274E-01   -0.130078527914E+02    0.810823778562E+03
   0.248000    0.000000000000E+00    0.791732    0.194901794895E-01   -0.129778177640E+02    0.579392111838E+03
   0.310000    0.000000000000E+00    0.989665    0.224479684343E-01   -0.129355561814E+02    0.444970456815E+03
   0.372000    0.000000000000E+00    1.187598    0.267350694655E-01   -0.128762772220E+02    0.358691060313E+03
   0.434000    0.000000000000E+00    1.385531    0.331599660750E-01   -0.127892974448E+02    0.299319560024E+03
   0.496000    0.000000000000E+00    1.583464    0.428675073147E-01   -0.126595013118E+02    0.256121869642E+03
   0.558000    0.000000000000E+00    1.781397    0.584984734445E-01   -0.124519795902E+02    0.223132591571E+03
   0.620000    0.000000000000E+00    1.979330    0.859663085663E-01   -0.120885639591E+02    0.196836413847E+03
   0.682000    0.000000000000E+00    2.177263    0.138232197100E+00   -0.113977268064E+02    0.175089005175E+03
   0.744000    0.000000000000E+00    2.375196    0.265629404272E+00   -0.971344526691E+01    0.156555640499E+03
   0.806000    0.000000000000E+00    2.573129    0.698494390719E+00   -0.398836398043E+01    0.140395325791E+03
   0.868000    0.000000000000E+00    2.771062    0.202518094274E+01    0.135634090556E+02    0.126070945799E+03
   0.930000    0.000000000000E+00    2.968995    0.290282777568E+01    0.251770452184E+02    0.113230879376E+03
   0.992000    0.000000000000E+00    3.166928    0.194871345537E+01    0.125510420634E+02    0.101639714696E+03
   1.054000    0.000000000000E+00    3.364861    0.109570995024E+01    0.126603286881E+01    0.911291500168E+02
   1.116000    0.000000000000E+00    3.562794    0.795438943454E+00   -0.270566870034E+01    0.815750810741E+02
   1.178000    0.000000000000E+00    3.760727    0.678225435414E+00   -0.425578972874E+01    0.728795985208E+02
   1.240000    0.000000000000E+00    3.958660    0.620960575416E+00   -0.501306188080E+01    0.649624235072E+02
   1.302000    0.710542735760E-14    4.156593    0.626510710705E+00   -0.493964511090E+01    0.577546891977E+02
   1.364000    0.103028696685E-11    4.354526    0.669628299228E+00   -0.436941314400E+01    0.511967048809E+02
   1.426000    0.720206116966E-10    4.552459    0.746747653209E+00   -0.334947778969E+01    0.452352291142E+02
   1.488000    0.304528313677E-08    4.750392    0.872417293865E+00   -0.168741341237E+01    0.398224340922E+02
   1.550000    0.817538108322E-07    4.948325    0.101537959319E+01    0.203418094141E+00    0.349149245293E+02
   1.612000    0.145528267836E-05    5.146258    0.116622645079E+01    0.219876659703E+01    0.304732474247E+02
   1.674000    0.178734729133E-04    5.344191    0.127296549544E+01    0.361100505332E+01    0.264612379274E+02
   1.736000    0.157043050990E-03    5.542124    0.126950439446E+01    0.356537848556E+01    0.228459103322E+02
   1.798000    0.102064047445E-02    5.740057    0.118733958996E+01    0.247827521365E+01    0.195967482603E+02
   1.860000    0.505841309660E-02    5.937990    0.106489328937E+01    0.858410965802E+00    0.166857574621E+02
   1.922000    0.196618721652E-01    6.135923    0.973454606004E+00   -0.351140759305E+00    0.140870257938E+02
   1.984000    0.614896640408E-01    6.333856    0.923156545754E+00   -0.101646023680E+01    0.117767713208E+02
   2.046000    0.158397986901E+00    6.531789    0.893029323829E+00   -0.141490993653E+01    0.973289496516E+01
   2.108000    0.343317652401E+00    6.729722    0.887735355813E+00   -0.148486487987E+01    0.793514274986E+01
   2.170000    0.638390844388E+00    6.927655    0.898807966274E+00   -0.133838477924E+01    0.636463011652E+01
   2.232000    0.103639538604E+01    7.125588    0.925421189706E+00   -0.986406944548E+00    0.500393397320E+01
   2.294000    0.149233825790E+01    7.323521    0.968331146637E+00   -0.418882740887E+00    0.383684430852E+01
   2.356000    0.193350141902E+01    7.521454    0.101084398381E+01    0.143442947527E+00    0.284804624114E+01
   2.418000    0.228443566230E+01    7.719387    0.104935960290E+01    0.652961413389E+00    0.202263298481E+01
   2.480000    0.249394814343E+01    7.917320    0.106970227870E+01    0.922105762294E+00    0.134543094513E+01
   2.542000    0.254606054381E+01    8.115253    0.106521410726E+01    0.862738415579E+00    0.802004470975E+00
   2.604000    0.245932943914E+01    8.313186    0.104861079315E+01    0.643074670013E+00    0.377769396617E+00
   2.666000    0.227165458262E+01    8.511119    0.102288017487E+01    0.302671690411E+00    0.589279298838E-01
   2.728000    0.202735411380E+01    8.709052    0.100155111595E+01    0.205180489465E-01   -0.168295237015E+00
   2.790000    0.176469772613E+01    8.906985    0.986991883216E+00   -0.172064952503E+00   -0.316997667830E+00
   2.852000    0.151185568495E+01    9.104918    0.975231421188E+00   -0.327615350006E+00   -0.400131892192E+00
   2.914000    0.128554025604E+01    9.302851    0.971222715629E+00   -0.380629947331E+00   -0.430092941647E+00
   2.976000    0.109348190858E+01    9.500784    0.970787590562E+00   -0.386382456741E+00   -0.418882891012E+00
   3.038000    0.937113566960E+00    9.698718    0.976039078153E+00   -0.316925858248E+00   -0.377852239649E+00
   3.100000    0.814131535026E+00    9.896651    0.987369098848E+00   -0.167069604948E+00   -0.317351109919E+00
   3.162000    0.720648490724E+00   10.094584    0.998246390855E+00   -0.231954772441E-01   -0.246606269838E+00
   3.224000    0.652123962190E+00   10.292517    0.100970264053E+01    0.128343765768E+00   -0.172983314865E+00
   3.286000    0.604447480127E+00   10.490450    0.101597375026E+01    0.211299154381E+00   -0.102261535917E+00
   3.348000    0.573823974724E+00   10.688383    0.101615209571E+01    0.213659410490E+00   -0.379666798325E-01
   3.410000    0.557320857637E+00   10.886316    0.101400051969E+01    0.185197971330E+00    0.177064171369E-01
   3.472000    0.552381513802E+00   11.084249    0.100800096370E+01    0.105835387716E+00    0.642882958485E-01
   3.534000    0.557198772096E+00   11.282182    0.100347888957E+01    0.460174396368E-01    0.101800302923E+00
   3.596000    0.570176570612E+00   11.480115    0.999875938524E+00   -0.164160580361E-02    0.131145927691E+00
   3.658000    0.590259710184E+00   11.678048    0.996040074298E+00   -0.523805178241E-01    0.153059783370E+00
   3.720000    0.616447530131E+00   11.875981    0.994646097870E+00   -0.708188300870E-01    0.168640548921E+00
   3.782000    0.648102931482E+00   12.073914    0.992796526099E+00   -0.952834075207E-01    0.178612402632E+00
   3.844000    0.684541747673E+00   12.271847    0.992925784763E+00   -0.935735718106E-01    0.183886005714E+00
   3.906000    0.725311444133E+00   12.469780    0.995080561479E+00   -0.650717299827E-01    0.185049739489E+00
   3.968000    0.769859403548E+00   12.667713    0.997058739767E+00   -0.389051743360E-01    0.182834336063E+00
   4.030000    0.817759782396E+00   12.865646    0.100069443393E+01    0.918571294239E-02    0.177761893084E+00
   4.092000    0.868461867949E+00   13.063579    0.100268956989E+01    0.355763868037E-01    0.170458913015E+00
   4.154000    0.921417995517E+00   13.261512    0.100345385572E+01    0.456860430111E-01    0.161446470038E+00
   4.216000    0.975907416903E+00   13.459445    0.100384222190E+01    0.508231902035E-01    0.151286440433E+00
   4.278000    0.103099064123E+01   13.657378    0.100226510247E+01    0.299619736751E-01    0.140526834445E+00
   4.340000    0.108545103641E+01   13.855311    0.100167063555E+01    0.220987080537E-01    0.129648478532E+00
   4.402000    0.113748260315E+01   14.053244    0.100082701900E+01    0.109397758457E-01    0.119242053564E+00
   4.464000    0.118502413621E+01   14.251177    0.999807889343E+00   -0.254078583228E-02    0.109624160432E+00
   4.526000    0.122493903262E+01   14.449110    0.999813869866E+00   -0.246177331643E-02    0.101562762442E+00
   4.588000    0.125764726640E+01   14.647043    0.998731525432E+00   -0.167786391313E-01    0.926621958636E-01
   4.650000    0.128729499096E+01   14.844976    0.998507467671E+00   -0.197424565436E-01    0.778257618947E-01
   4.712000    0.131033170432E+01   15.042909    0.998578956886E+00   -0.187968939187E-01    0.583951570880E-01
   4.774000    0.132242225682E+01   15.240842    0.998451297902E+00   -0.204855371766E-01    0.366226357248E-01
   4.836000    0.131997165485E+01   15.438775    0.999618130499E+00   -0.505123622166E-02    0.148853203050E-01
   4.898000    0.130148807033E+01   15.636708    0.999992704228E+00   -0.965280040571E-04   -0.498124905868E-02
   4.960000    0.126759883165E+01   15.834641    0.100052434756E+01    0.693584510924E-02   -0.215729743336E-01
   5.022000    0.122105701817E+01   16.032574    0.100099239885E+01    0.131269774409E-01   -0.341417303388E-01
   5.084000    0.116589226193E+01   16.230507    0.100041369259E+01    0.547216302005E-02   -0.424344137274E-01
   5.146000    0.110664588926E+01   16.428440    0.100059094617E+01    0.781681031007E-02   -0.466844708104E-01
   5.208000    0.104755900976E+01   16.626373    0.100023314074E+01    0.308394903341E-02   -0.474574325934E-01
   5.270000    0.992078167055E+00   16.824306    0.100002522880E+01    0.333784202528E-03   -0.455227676354E-01
   5.332000    0.942662974119E+00   17.022239    0.100035319576E+01    0.467193735820E-02   -0.417345243915E-01
   5.394000    0.900779337761E+00   17.220172    0.999859935242E+00   -0.185268628660E-02   -0.368795520224E-01
   5.456000    0.867101979688E+00   17.418105    0.999985410991E+00   -0.192955878451E-03   -0.316315304530E-01
   5.518000    0.841679520150E+00   17.616038    0.999781278991E+00   -0.289315897012E-02   -0.264528323335E-01
   5.580000    0.824179306623E+00   17.813971    0.999444247939E+00   -0.735129709817E-02   -0.216355736496E-01
   5.642000    0.814006982798E+00   18.011904    0.999853895448E+00   -0.193270284747E-02   -0.172751375004E-01
   5.704000    0.810463519954E+00   18.209837    0.999680173595E+00   -0.423065405588E-02   -0.133611000697E-01
   5.766000    0.812788302201E+00   18.407770    0.100003087181E+01    0.408202757183E-03   -0.978654932146E-02
   5.828000    0.820235791034E+00   18.605703    0.100026533455E+01    0.350956628819E-02   -0.643297520557E-02
   5.890000    0.832074585941E+00   18.803636    0.999995896415E+00   -0.544265367327E-04   -0.317653029646E-02
   5.952000    0.847617494477E+00   19.001569    0.100027125438E+01    0.358804893770E-02    0.624948439770E-04
   6.014000    0.866205356057E+00   19.199502    0.999949882681E+00   -0.662884985585E-03    0.332808566943E-02
   6.076000    0.887214274709E+00   19.397435    0.999945494413E+00   -0.720904898143E-03    0.661213063762E-02
   6.138000    0.910038783674E+00   19.595368    0.100016192225E+01    0.214191669566E-02    0.987087126033E-02
   6.200000    0.934089734810E+00   19.793301    0.999904603104E+00   -0.126176498624E-02    0.130274414526E-01
   6.262000    0.958784015669E+00   19.991234    0.100020249983E+01    0.267865902144E-02    0.159868376227E-01
   6.324000    0.983540792014E+00   20.189167    0.100002243904E+01    0.296903031491E-03    0.186458276624E-01
   6.386000    0.100778137369E+01   20.387100    0.999865160793E+00   -0.178349739133E-02    0.209018320166E-01
   6.448000    0.103092973988E+01   20.585033    0.100004001729E+01    0.529438206309E-03    0.226635795286E-01
   6.510000    0.105242425241E+01   20.782966    0.999746590856E+00   -0.335188427793E-02    0.238537985003E-01
   6.572000    0.107172587633E+01   20.980899    0.100000816896E+01    0.108120698561E-03    0.244183471218E-01
   6.634000    0.108834068028E+01   21.178832    0.100005282781E+01    0.698823576334E-03    0.243243901959E-01
   6.696000    0.110183371705E+01   21.376765    0.999948506656E+00   -0.681111603183E-03    0.235676652960E-01
   6.758000    0.111185335997E+01   21.574698    0.100020024541E+01    0.264875702419E-02    0.221688689556E-01
   6.820000    0.111814098929E+01   21.772631    0.999910386199E+00   -0.118536208081E-02    0.201793491266E-01
   6.882000    0.112054253006E+01   21.970564    0.999985508274E+00   -0.191657046277E-03    0.176800684009E-01
   6.944000    0.111899384908E+01   22.168497    0.100003303581E+01    0.437080301695E-03    0.147987872450E-01
   7.006000    0.111353322579E+01   22.366430    0.999863803019E+00   -0.180148115614E-02    0.117010719942E-01
   7.068000    0.110432972238E+01   22.564363    0.100015434988E+01    0.204175089523E-02    0.856466996339E-02
   7.130000    0.109171320761E+01   22.762296    0.999993275616E+00   -0.887865089698E-04    0.555096124097E-02
   7.192000    0.107618520061E+01   22.960229    0.100000872324E+01    0.115581139142E-03    0.278604209106E-02
   7.254000    0.105840764518E+01   23.158162    0.100008952663E+01    0.118438992779E-02    0.348716430146E-03
   7.316000    0.103916755156E+01   23.356095    0.999832539269E+00   -0.221495945513E-02   -0.173063875247E-02
   7.378000    0.101932214966E+01   23.554028    0.100004091380E+01    0.541235099496E-03   -0.346386058417E-02
   7.440000    0.999734342895E+00   23.751961    0.999960056207E+00   -0.528385346685E-03   -0.489296944729E-02
   7.502000    0.981208387004E+00   23.949894    0.999957120996E+00   -0.567330376992E-03   -0.607462577429E-02
   7.564000    0.964438705237E+00   24.147827    0.100014793666E+01    0.195655459583E-02   -0.706639217116E-02
   7.626000    0.949973692059E+00   24.345760    0.999923847825E+00   -0.100769918626E-02   -0.791358746971E-02
   7.688000    0.938201108468E+00   24.543693    0.100005535247E+01    0.731674854251E-03   -0.864300766762E-02
   7.750000    0.929347658960E+00   24.741626    0.999992225042E+00   -0.103422419315E-03   -0.925926764651E-02
   7.812000    0.923493319126E+00   24.939559    0.999885575647E+00   -0.151416624122E-02   -0.974805808927E-02
   7.874000    0.920590719475E+00   25.137492    0.100009639071E+01    0.127440968345E-02   -0.100803873341E-01
   7.936000    0.920490566127E+00   25.335425    0.999936076263E+00   -0.845552603430E-03   -0.102210369456E-01
   7.998000    0.922965240685E+00   25.533358    0.100005105458E+01    0.675390443043E-03   -0.101351801115E-01
   8.060000    0.927731398447E+00   25.731291    0.100007188275E+01    0.950953892633E-03   -0.979610469273E-02
   8.122000    0.934467317940E+00   25.929224    0.999902048751E+00   -0.129547908269E-02   -0.918909458194E-02
   8.184000    0.942828658927E+00   26.127157    0.100006911937E+01    0.914478643570E-03   -0.831512959486E-02
   8.246000    0.952459290462E+00   26.325090    0.999920441868E+00   -0.105214295122E-02   -0.719072784094E-02
   8.308000    0.963000521894E+00   26.523023    0.999975283585E+00   -0.326729277938E-03   -0.584718408793E-02
   8.370000    0.974097768761E+00   26.720956    0.100008429025E+01    0.111513949539E-02   -0.432798756023E-02
   8.432000    0.985405693121E+00   26.918889    0.999931026154E+00   -0.912167744956E-03   -0.268526623426E-02
   8.494000    0.996592840624E+00   27.116822    0.100009280131E+01    0.122767254120E-02   -0.976188256640E-03
   8.556000    0.100734584054E+01   27.314755    0.999978899253E+00   -0.279012526789E-03    0.740839512827E-03
   8.618000    0.101737393714E+01   27.512688    0.999939897960E+00   -0.794946114019E-03    0.240944706324E-02
   8.680000    0.102641378631E+01   27.710621    0.100006180425E+01    0.817527925315E-03    0.397821213219E-02
   8.742000    0.103423488500E+01   27.908554    0.999907683061E+00   -0.122114272028E-02    0.540268879931E-02
   8.804000    0.104064513968E+01   28.106487    0.100005929325E+01    0.784284001781E-03    0.664690895230E-02
   8.866000    0.104549645728E+01   28.304420    0.100002982007E+01    0.394444447994E-03    0.768406982802E-02
   8.928000    0.104868988781E+01   28.502353    0.999952249845E+00   -0.631585586553E-03    0.849654226487E-02
   8.990000    0.105017954933E+01   28.700287    0.100008166918E+01    0.108030040834E-02    0.907544025692E-02
   9.052000    0.104997506332E+01   28.898220    0.999915540546E+00   -0.111716814944E-02    0.941969624727E-02
   9.114000    0.104814215879E+01   29.096153    0.100000257767E+01    0.341294187787E-04    0.953460824145E-02
   9.176000    0.104480089213E+01   29.294086    0.100002822382E+01    0.373370715582E-03    0.943039336027E-02
   9.238000    0.104012160681E+01   29.492019    0.999935986407E+00   -0.846704248072E-03    0.912049967468E-02
   9.300000    0.103431814832E+01   29.689952    0.100009411054E+01    0.124487839411E-02    0.862019090281E-02
   9.362000    0.102763881205E+01   29.887885    0.999966753435E+00   -0.439748576277E-03    0.794525566953E-02
   9.424000    0.102035535159E+01   30.085818    0.999993107692E+00   -0.911410361798E-04    0.711125287413E-02
   9.486000    0.101275016246E+01   30.283751    0.100004111237E+01    0.543823926532E-03    0.613399109265E-02
   9.548000    0.100510388629E+01   30.481684    0.999910400580E+00   -0.118518641020E-02    0.502985363478E-02
   9.610000    0.997683202310E+00   30.679617    0.100005797667E+01    0.766858762672E-03    0.381694978761E-02
   9.672000    0.990730212929E+00   30.877550    0.999986496540E+00   -0.178665105955E-03    0.251633803149E-02
   9.734000    0.984454263113E+00   31.075483    0.999984660282E+00   -0.202973763819E-03    0.115293526935E-02
   9.796000    0.979026538504E+00   31.273416    0.100007421113E+01    0.981548870565E-03   -0.244038444076E-03
   9.858000    0.974577495779E+00   31.471349    0.999927649978E+00   -0.957089991516E-03   -0.164114740364E-02
   9.920000    0.971196867418E+00   31.669282    0.100003178554E+01    0.420451435451E-03   -0.300159088532E-02
   9.982000    0.968935281183E+00   31.867215    0.999990510537E+00   -0.125507973065E-03   -0.428659647740E-02
  10.044000    0.967806436388E+00   32.065148    0.999948751024E+00   -0.677876495705E-03   -0.545726125324E-02
  10.106000    0.967788974686E+00   32.263081    0.100007482595E+01    0.989788921185E-03   -0.647653302267E-02
  10.168000    0.968828275446E+00   32.461014    0.999953503544E+00   -0.615003899495E-03   -0.731146615363E-02
  10.230000    0.970837849139E+00   32.658947    0.100002995916E+01    0.396313731239E-03   -0.793464121288E-02
  10.292000    0.973702777442E+00   32.856880    0.100002346819E+01    0.310452266884E-03   -0.832604173245E-02
  10.354000    0.977284030966E+00   33.054813    0.999933152280E+00   -0.884202992847E-03   -0.847350470905E-02
  10.416000    0.981425287320E+00   33.252746    0.100005512540E+01    0.729213837308E-03   -0.837359469499E-02
  10.478000    0.985959585239E+00   33.450679    0.999955589831E+00   -0.587400213784E-03   -0.803108911564E-02
  10.540000    0.990716530598E+00   33.648612    0.100000521931E+01    0.690651667706E-04   -0.745885502318E-02
  10.602000    0.995527990445E+00   33.846545    0.100005086712E+01    0.672862465323E-03   -0.667669524745E-02
  10.664000    0.100023347899E+01   34.044478    0.999944003715E+00   -0.740683860096E-03   -0.571058419766E-02
  10.726000    0.100468416181E+01   34.242411    0.100005289095E+01    0.699612441934E-03   -0.459119731033E-02
  10.788000    0.100874670620E+01   34.440344    0.999969791746E+00   -0.399586070241E-03   -0.335286832525E-02
  10.850000    0.101230631006E+01   34.638277    0.999970966983E+00   -0.384034412454E-03   -0.203226703502E-02
  10.912000    0.101526937017E+01   34.836210    0.100004927777E+01    0.651860194024E-03   -0.667276963591E-03
  10.974000    0.101756560197E+01   35.034143    0.999944783635E+00   -0.730344871063E-03    0.704043370303E-03
  11.036000    0.101914957675E+01   35.232076    0.100004814198E+01    0.636830373741E-03    0.204439576314E-02
  11.098000    0.102000154669E+01   35.430009    0.100000410295E+01    0.543230798913E-04    0.331808835906E-02
  11.160000    0.102012760293E+01   35.627942    0.999963031021E+00   -0.488942946604E-03    0.449172037563E-02
  11.222000    0.101955892760E+01   35.825875    0.100005084948E+01    0.672678175866E-03    0.553484200094E-02
  11.284000    0.101835015013E+01   36.023808    0.999941970337E+00   -0.767530714672E-03    0.642058280863E-02
  11.346000    0.101657695647E+01   36.221741    0.100002018763E+01    0.267075978136E-03    0.712609380002E-02
  11.408000    0.101433291091E+01   36.419674    0.100002090452E+01    0.276551877797E-03    0.763293669601E-02
  11.470000    0.101172521356E+01   36.617607    0.999959732308E+00   -0.532634481251E-03    0.792778565085E-02
  11.532000    0.100887045891E+01   36.815540    0.100006005868E+01    0.794397337002E-03    0.800255827846E-02
  11.594000    0.100588963872E+01   37.013473    0.999960275770E+00   -0.525518327988E-03    0.785489451251E-02
  11.656000    0.100290333332E+01   37.211406    0.999997446158E+00   -0.338829303070E-04    0.748829571220E-02
  11.718000    0.100002692240E+01   37.409339    0.100002558502E+01    0.338291326354E-03    0.691227067863E-02
  11.780000    0.997366197401E+00   37.607272    0.999945328529E+00   -0.723324740745E-03    0.614231302431E-02
  11.842000    0.995013523222E+00   37.805205    0.100005198760E+01    0.687503075521E-03    0.519972746931E-02
  11.904000    0.993044992580E+00   38.003138    0.999983841285E+00   -0.213734857704E-03    0.411098441403E-02
  11.966000    0.991517987813E+00   38.201071    0.999990663922E+00   -0.123480133325E-03    0.290729671743E-02
  12.028000    0.990469921388E+00   38.399004    0.100004243548E+01    0.561336007168E-03    0.162365488115E-02
  12.090000    0.989917775822E+00   38.596937    0.999943554087E+00   -0.746611676040E-03    0.297747987566E-03
  12.152000    0.989858393487E+00   38.794870    0.100003227921E+01    0.427004945046E-03   -0.103117443812E-02
  12.214000    0.990269629776E+00   38.992803    0.999993444036E+00   -0.866872276435E-04   -0.232365393792E-02
  12.276000    0.991112033216E+00   39.190736    0.999974826647E+00   -0.332950770040E-03   -0.354128502899E-02
  12.338000    0.992331164147E+00   39.388669    0.100005365883E+01    0.709802392405E-03   -0.464803207584E-02
