   0.000000    0.000000000000E+00    0.000000    0.116032822530E-01   -0.521303873624E+01    0.100000000000E+31
   0.062000    0.000000000000E+00    0.197933    0.117771180389E-01   -0.130877475396E+02    0.130640228476E+04
   0.124000   -0.710542735760E-14    0.395866    0.123409424354E-01   -0.130778420182E+02    0.114353436745E+04
   0.186000    0.000000000000E+00    0.593799    0.133943348079E-01   -0.130606803585E+02    0.100123729363E+04
   0.248000    0.000000000000E+00    0.791732    0.150938075196E-01   -0.130351234204E+02    0.876740906954E+03
   0.310000    0.000000000000E+00    0.989665    0.177112547713E-01   -0.129976278606E+02    0.767476908461E+03
   0.372000    0.000000000000E+00    1.187598    0.217269941575E-01   -0.129420927004E+02    0.671204334180E+03
   0.434000    0.000000000000E+00    1.385531    0.280162239625E-01   -0.128570279525E+02    0.586173221453E+03
   0.496000    0.000000000000E+00    1.583464    0.382494894678E-01   -0.127204146637E+02    0.511218444418E+03
   0.558000    0.000000000000E+00    1.781397    0.558459391891E-01   -0.124870230472E+02    0.445664242379E+03
   0.620000    0.000000000000E+00    1.979330    0.884494490379E-01   -0.120557254993E+02    0.389032348842E+03
   0.682000    0.000000000000E+00    2.177263    0.155232722274E+00   -0.111728048777E+02    0.340748483937E+03
   0.744000    0.000000000000E+00    2.375196    0.311633063226E+00   -0.910479263376E+01    0.299955775391E+03
   0.806000    0.000000000000E+00    2.573129    0.742598787831E+00   -0.340483552836E+01    0.265509848943E+03
   0.868000    0.000000000000E+00    2.771062    0.195533653563E+01    0.126385883794E+02    0.236115762762E+03
   0.930000    0.000000000000E+00    2.968995    0.288385426049E+01    0.249246887698E+02    0.210518951736E+03
   0.992000    0.000000000000E+00    3.166928    0.183884862703E+01    0.110973738840E+02    0.187673804101E+03
   1.054000    0.000000000000E+00    3.364861    0.114345406319E+01    0.189760819666E+01    0.166831496166E+03
   1.116000    0.000000000000E+00    3.562794    0.836424109437E+00   -0.216363436845E+01    0.147546539588E+03
   1.178000    0.000000000000E+00    3.760727    0.698650101991E+00   -0.398582029236E+01    0.129626045558E+03
   1.240000    0.000000000000E+00    3.958660    0.643503485553E+00   -0.471513143266E+01    0.113042436937E+03
   1.302000    0.355271367880E-14    4.156593    0.638890706115E+00   -0.477612077190E+01    0.978505248725E+02
   1.364000    0.000000000000E+00    4.354526    0.673606197596E+00   -0.431697743706E+01    0.841176787440E+02
   1.426000    0.000000000000E+00    4.552459    0.745545489324E+00   -0.336550824120E+01    0.718834560298E+02
   1.488000    0.000000000000E+00    4.750392    0.854827956688E+00   -0.192012707235E+01    0.611354351081E+02
   1.550000    0.540012479178E-12    4.948325    0.995908332555E+00   -0.541213558537E-01    0.518106890226E+02
   1.612000    0.277388778613E-09    5.146258    0.114521669223E+01    0.192089474504E+01    0.438040239681E+02
   1.674000    0.459975808553E-07    5.344191    0.125476800148E+01    0.337024575277E+01    0.369826004854E+02
   1.736000    0.285693109703E-05    5.542124    0.127259501216E+01    0.360618914777E+01    0.312006632989E+02
   1.798000    0.772078696194E-04    5.740057    0.119376652078E+01    0.256327669597E+01    0.263123063940E+02
   1.860000    0.104501216160E-02    5.937990    0.107910964525E+01    0.104647309585E+01    0.221804179938E+02
   1.922000    0.803572561730E-02    6.135923    0.989530038949E+00   -0.138497021052E+00    0.186821320708E+02
   1.984000    0.391313203325E-01    6.333856    0.934305206481E+00   -0.868983773347E+00    0.157116582224E+02
   2.046000    0.132159981164E+00    6.531789    0.902888866189E+00   -0.128449502671E+01    0.131804337504E+02
   2.108000    0.333412191282E+00    6.729722    0.890967566986E+00   -0.144212527117E+01    0.110161230772E+02
   2.170000    0.666805184911E+00    6.927655    0.897221187543E+00   -0.135938871653E+01    0.916062453705E+01
   2.232000    0.110804909393E+01    7.125588    0.920197728051E+00   -0.105550506538E+01    0.756778840669E+01
   2.294000    0.158721414189E+01    7.323521    0.956185744516E+00   -0.579530682497E+00    0.620110577597E+01
   2.356000    0.201698846745E+01    7.521454    0.998550013470E+00   -0.191791904143E-01    0.503154126295E+01
   2.418000    0.232643408860E+01    7.719387    0.103738646718E+01    0.494562636716E+00    0.403534322490E+01
   2.480000    0.248224902397E+01    7.917320    0.106223965895E+01    0.823358313443E+00    0.319207745616E+01
   2.542000    0.248748508183E+01    8.115253    0.106707287211E+01    0.887303755102E+00    0.248462102490E+01
   2.604000    0.237228435008E+01    8.313186    0.105440026783E+01    0.719646965228E+00    0.189740549225E+01
   2.666000    0.217671650223E+01    8.511119    0.103297264422E+01    0.436173182748E+00    0.141678440752E+01
   2.728000    0.194078147400E+01    8.709052    0.101134823362E+01    0.150112984198E+00    0.102979060438E+01
   2.790000    0.169597854823E+01    8.906985    0.993576788681E+00   -0.849630657421E-01    0.724537744949E+00
   2.852000    0.146431508843E+01    9.104918    0.980381010596E+00   -0.259502651743E+00    0.489441189805E+00
   2.914000    0.125827646825E+01    9.302851    0.972011147219E+00   -0.370204887248E+00    0.313518783975E+00
   2.976000    0.108338798337E+01    9.500784    0.969245717381E+00   -0.406780420630E+00    0.186134610230E+00
   3.038000    0.940400811201E+00    9.698718    0.972472832764E+00   -0.364098639614E+00    0.971962308660E-01
   3.100000    0.827219891682E+00    9.896651    0.980899024316E+00   -0.252650375321E+00    0.374639759864E-01
   3.162000    0.740574294871E+00   10.094584    0.992345151409E+00   -0.101253215002E+00   -0.139084159926E-02
   3.224000    0.676605846052E+00   10.292517    0.100377948384E+01    0.499937839433E-01   -0.260726964820E-01
   3.286000    0.631821842632E+00   10.490450    0.101228245775E+01    0.162469896567E+00   -0.420048726199E-01
   3.348000    0.602877413675E+00   10.688383    0.101622053218E+01    0.214563215659E+00   -0.526320986225E-01
   3.410000    0.587168535336E+00   10.886316    0.101578016070E+01    0.208738003642E+00   -0.603669299477E-01
   3.472000    0.582312642596E+00   11.084249    0.101250215052E+01    0.165376107257E+00   -0.660896958279E-01
   3.534000    0.586613123435E+00   11.282182    0.100808447098E+01    0.106938818717E+00   -0.703843634621E-01
   3.596000    0.598491332909E+00   11.480115    0.100355705490E+01    0.470507078400E-01   -0.730302581323E-01
   3.658000    0.616905607142E+00   11.678048    0.999291097522E+00   -0.937786809835E-02   -0.740811450482E-01
   3.720000    0.640825882105E+00   11.875981    0.995561491439E+00   -0.587109322984E-01   -0.732373269820E-01
   3.782000    0.669621444267E+00   12.073914    0.992857375893E+00   -0.944789733882E-01   -0.706381814998E-01
   3.844000    0.702608505134E+00   12.271847    0.991741195372E+00   -0.109242917209E+00   -0.662243905404E-01
   3.906000    0.739391757469E+00   12.469780    0.992457654839E+00   -0.997660931293E-01   -0.602976355959E-01
   3.968000    0.779498298218E+00   12.667713    0.994717839892E+00   -0.698691788758E-01   -0.529954394952E-01
   4.030000    0.822651558893E+00   12.865646    0.997753803937E+00   -0.297111813530E-01   -0.446783553323E-01
   4.092000    0.868490446061E+00   13.063579    0.100064197819E+01    0.849208896371E-02   -0.355663691158E-01
   4.154000    0.916723264862E+00   13.261512    0.100267570623E+01    0.353932575696E-01   -0.259698259623E-01
   4.216000    0.966926778560E+00   13.459445    0.100361978366E+01    0.478810933209E-01   -0.161160095301E-01
   4.278000    0.101847984634E+01   13.657378    0.100366879545E+01    0.485294670511E-01   -0.619883931723E-02
   4.340000    0.107047597960E+01   13.855311    0.100319834870E+01    0.423066824285E-01    0.356779378284E-02
   4.402000    0.112135066560E+01   14.053244    0.100248201089E+01    0.328313178030E-01    0.131560475460E-01
   4.464000    0.116921662074E+01   14.251177    0.100160585487E+01    0.212419377067E-01    0.223134482829E-01
   4.526000    0.121024457723E+01   14.449110    0.100056993583E+01    0.753914918315E-02    0.319646668489E-01
   4.588000    0.124480641717E+01   14.647043    0.999458674675E+00   -0.716024672842E-02    0.392813887912E-01
   4.650000    0.127533108286E+01   14.844976    0.998488024367E+00   -0.199996634140E-01    0.401466822286E-01
   4.712000    0.129762231691E+01   15.042909    0.997917529540E+00   -0.275459526582E-01    0.361923096791E-01
   4.774000    0.130806963486E+01   15.240842    0.997893247981E+00   -0.278671455779E-01    0.291054226124E-01
   4.836000    0.130378386726E+01   15.438775    0.998363268628E+00   -0.216499217581E-01    0.209144497978E-01
   4.898000    0.128415046473E+01   15.636708    0.999100849131E+00   -0.118935429967E-01    0.130480275500E-01
   4.960000    0.125036716879E+01   15.834641    0.999829675719E+00   -0.225291455264E-02    0.666855163661E-02
   5.022000    0.120545939159E+01   16.032574    0.100035360382E+01    0.467733369153E-02    0.233857679248E-02
   5.084000    0.115332705058E+01   16.230507    0.100062895714E+01    0.831958710038E-02    0.255088912800E-03
   5.146000    0.109813121086E+01   16.428440    0.100072975921E+01    0.965297594021E-02    0.209072264225E-03
   5.208000    0.104361145226E+01   16.626373    0.100075640955E+01    0.100055019925E-01    0.174452063852E-02
   5.270000    0.992729555861E+00   16.824306    0.100074794757E+01    0.989356419428E-02    0.426717325117E-02
   5.332000    0.947572079666E+00   17.022239    0.100067158062E+01    0.888339789983E-02    0.713206852210E-02
   5.394000    0.909351501149E+00   17.220172    0.100047549936E+01    0.628970499567E-02    0.979426470922E-02
   5.456000    0.878622452095E+00   17.418105    0.100016266171E+01    0.215165414921E-02    0.118102149384E-01
   5.518000    0.855388716303E+00   17.616038    0.999812323661E+00   -0.248250445206E-02    0.129518215069E-01
   5.580000    0.839344351883E+00   17.813971    0.999543006323E+00   -0.604497054814E-02    0.131256200938E-01
   5.642000    0.829938751399E+00   18.011904    0.999439970081E+00   -0.740794362659E-02    0.124277655229E-01
   5.704000    0.826542165732E+00   18.209837    0.999509505476E+00   -0.648821034270E-02    0.110239897974E-01
   5.766000    0.828454759545E+00   18.407770    0.999680966551E+00   -0.422023177605E-02    0.917101698603E-02
   5.828000    0.835000363374E+00   18.605703    0.999858033922E+00   -0.187807377413E-02    0.710999969910E-02
   5.890000    0.845506520777E+00   18.803636    0.999974848103E+00   -0.332887433519E-03    0.508425385238E-02
   5.952000    0.859351648918E+00   19.001569    0.100002729946E+01    0.361123868991E-03    0.327272350335E-02
   6.014000    0.875938333646E+00   19.199502    0.100005591672E+01    0.739694701989E-03    0.181333831196E-02
   6.076000    0.894712838492E+00   19.397435    0.100010328596E+01    0.136630367927E-02    0.774524027374E-03
   6.138000    0.915142631394E+00   19.595368    0.100017419412E+01    0.230426566026E-02    0.179057667710E-03
   6.200000    0.936720076682E+00   19.793301    0.100023314954E+01    0.308410641392E-02    0.219243429398E-06
   6.262000    0.958948696070E+00   19.991234    0.100023358985E+01    0.308993030754E-02    0.179489743578E-03
   6.324000    0.981338664500E+00   20.189167    0.100015857839E+01    0.209771067795E-02    0.635110948974E-03
   6.386000    0.100340345921E+01   20.387100    0.100003603073E+01    0.476702852244E-03    0.127091572648E-02
   6.448000    0.102465337800E+01   20.585033    0.999922440677E+00   -0.102578503899E-02    0.198976975537E-02
   6.510000    0.104460387333E+01   20.782966    0.999864971927E+00   -0.178598362112E-02    0.269435165373E-02
   6.572000    0.106277305341E+01   20.980899    0.999874228140E+00   -0.166358084688E-02    0.330172695657E-02
   6.634000    0.107870266253E+01   21.178832    0.999921759196E+00   -0.103489483317E-02    0.373861043716E-02
   6.696000    0.109196248232E+01   21.376765    0.999965003998E+00   -0.462899001480E-03    0.395546326905E-02
   6.758000    0.110217858116E+01   21.574698    0.999976869173E+00   -0.305966659232E-03    0.391922090647E-02
   6.820000    0.110903879772E+01   21.772631    0.999962535486E+00   -0.495559280281E-03    0.362632956709E-02
   6.882000    0.111231235455E+01   21.970564    0.999949898893E+00   -0.662687139508E-03    0.310090753083E-02
   6.944000    0.111184213278E+01   22.168497    0.999965425705E+00   -0.457223078935E-03    0.241642649243E-02
   7.006000    0.110758446881E+01   22.366430    0.100001144877E+01    0.151519879502E-03    0.167405056762E-02
   7.068000    0.109964254551E+01   22.564363    0.100006444577E+01    0.852559143034E-03    0.984677328435E-03
   7.130000    0.108830308305E+01   22.762296    0.100009223009E+01    0.122014999638E-02    0.440783369745E-03
   7.192000    0.107404014642E+01   22.960229    0.100007848029E+01    0.103831588426E-02    0.105198405571E-03
   7.254000    0.105750054611E+01   23.158162    0.100003358067E+01    0.444413239294E-03    0.144443427179E-06
   7.316000    0.103945786636E+01   23.356095    0.999986722997E+00   -0.175433348726E-03    0.109522873711E-03
   7.378000    0.102075126970E+01   23.554028    0.999964302488E+00   -0.472074709559E-03    0.385377298205E-03
   7.440000    0.100221779666E+01   23.751961    0.999973022538E+00   -0.356813098547E-03    0.758970103351E-03
   7.502000    0.984628140187E+00   23.949894    0.999997323027E+00   -0.355312203013E-04    0.115573937837E-02
   7.564000    0.968640688589E+00   24.147827    0.100001336327E+01    0.176467849405E-03    0.150569509612E-02
   7.626000    0.954769062448E+00   24.345760    0.100000677745E+01    0.891852079308E-04    0.175636196627E-02
   7.688000    0.943374605126E+00   24.543693    0.999982915537E+00   -0.226599604250E-03    0.187533768306E-02
   7.750000    0.934667420607E+00   24.741626    0.999961210909E+00   -0.513806476754E-03    0.185553197878E-02
   7.812000    0.928725049008E+00   24.939559    0.999960081653E+00   -0.528798508353E-03    0.170915959771E-02
   7.874000    0.925510069711E+00   25.137492    0.999982543947E+00   -0.231663379961E-03    0.146623809759E-02
   7.936000    0.924896144728E+00   25.335425    0.100001445434E+01    0.191195091949E-03    0.116455342517E-02
   7.998000    0.926687129311E+00   25.533358    0.100003521159E+01    0.465848622978E-03    0.845947096701E-03
   8.060000    0.930638885816E+00   25.731291    0.100003286632E+01    0.434903957614E-03    0.547636208138E-03
   8.122000    0.936473152165E+00   25.929224    0.100001203262E+01    0.159387647823E-03    0.300071162850E-03
   8.184000    0.943891796387E+00   26.127157    0.999989594045E+00   -0.137382963368E-03    0.122526276024E-03
   8.246000    0.952584979615E+00   26.325090    0.999981506145E+00   -0.244354095121E-03    0.236450655668E-04
   8.308000    0.962238836658E+00   26.523023    0.999991755499E+00   -0.108793905980E-03    0.123666482570E-05
   8.370000    0.972539925103E+00   26.720956    0.100001029614E+01    0.136421974485E-03    0.446099258257E-04
   8.432000    0.983179018515E+00   26.918889    0.100002162409E+01    0.286247370082E-03    0.136949746569E-03
   8.494000    0.993854365257E+00   27.116822    0.100001635143E+01    0.216445781724E-03    0.257914971752E-03
   8.556000    0.100427423862E+01   27.314755    0.999998033334E+00   -0.259166896711E-04    0.386808707085E-03
   8.618000    0.101416100436E+01   27.512688    0.999979866087E+00   -0.266277300224E-03    0.504280642461E-03
   8.680000    0.102325435535E+01   27.710621    0.999974771307E+00   -0.333712856615E-03    0.595047710590E-03
   8.742000    0.103131715659E+01   27.908554    0.999985764936E+00   -0.188321158698E-03    0.648201393896E-03
   8.804000    0.103813999735E+01   28.106487    0.100000431490E+01    0.570489222297E-04    0.658887595926E-03
   8.866000    0.104354838105E+01   28.304420    0.100001696982E+01    0.224459631506E-03    0.627271407788E-03
   8.928000    0.104740784197E+01   28.502353    0.100001551464E+01    0.205251799577E-03    0.559081555443E-03
   8.990000    0.104963080964E+01   28.700287    0.100000248038E+01    0.328319688722E-04    0.463617615252E-03
   9.052000    0.105018048274E+01   28.898220    0.999988681212E+00   -0.149693980435E-03    0.353369843513E-03
   9.114000    0.104907506003E+01   29.096153    0.999984694155E+00   -0.202421390746E-03    0.241608156154E-03
   9.176000    0.104638845840E+01   29.294086    0.999993249426E+00   -0.892500803575E-04    0.141454367199E-03
   9.238000    0.104225006219E+01   29.492019    0.100000758582E+01    0.100386320663E-03    0.636293793386E-04
   9.300000    0.103684050957E+01   29.689952    0.100001696193E+01    0.224403693462E-03    0.155302983144E-04
   9.362000    0.103038528842E+01   29.887885    0.100001459712E+01    0.193114343389E-03    0.527419623300E-08
   9.424000    0.102314500283E+01   30.085818    0.100000252238E+01    0.334080439796E-04    0.153451203709E-04
   9.486000    0.101540369989E+01   30.283751    0.999989667965E+00   -0.136646391649E-03    0.557195504003E-04
   9.548000    0.100745579498E+01   30.481684    0.999985118911E+00   -0.196846124673E-03    0.112231213285E-03
   9.610000    0.999592389911E+00   30.679617    0.999991438871E+00   -0.113276204490E-03    0.174576822333E-03
   9.672000    0.992088682297E+00   30.877550    0.100000318344E+01    0.420466632068E-04    0.232415358078E-03
   9.734000    0.985192322880E+00   31.075483    0.100001126069E+01    0.148864668882E-03    0.277168419178E-03
   9.796000    0.979114713379E+00   31.273416    0.100000985715E+01    0.130283836794E-03    0.302742551426E-03
   9.858000    0.974024188005E+00   31.471349    0.100000049308E+01    0.642051474067E-05    0.306540533221E-03
   9.920000    0.970042829351E+00   31.669282    0.999990547354E+00   -0.125026549631E-03    0.289077252072E-03
   9.982000    0.967245122088E+00   31.867215    0.999987529326E+00   -0.164938795340E-03    0.253967513688E-03
  10.044000    0.965659700945E+00   32.065148    0.999993563713E+00   -0.851103873844E-04    0.206700232963E-03
  10.106000    0.965272181963E+00   32.263081    0.100000408073E+01    0.540110054939E-04    0.154014783275E-03
  10.168000    0.966030015555E+00   32.461014    0.100001144789E+01    0.151462700218E-03    0.102524205373E-03
  10.230000    0.967847528613E+00   32.658947    0.100001061179E+01    0.140403288702E-03    0.581022639352E-04
  10.292000    0.970611833976E+00   32.856880    0.100000266418E+01    0.352740748077E-04    0.249717234743E-04
  10.354000    0.974188374691E+00   33.054813    0.999993747850E+00   -0.826685355522E-04    0.551199598758E-05
  10.416000    0.978426560006E+00   33.252746    0.999990357989E+00   -0.127487153999E-03    0.566677172888E-07
  10.478000    0.983164887330E+00   33.450679    0.999994570780E+00   -0.717717102390E-04    0.716104006826E-05
  10.540000    0.988235756432E+00   33.648612    0.100000273605E+01    0.362218646842E-04    0.239778124120E-04
  10.602000    0.993469936269E+00   33.846545    0.100000845044E+01    0.111795749714E-03    0.467575230867E-04
  10.664000    0.998700639479E+00   34.044478    0.100000743115E+01    0.982996296954E-04    0.714782645781E-04
  10.726000    0.100376751152E+01   34.242411    0.100000058807E+01    0.777241374901E-05    0.942841934195E-04
  10.788000    0.100852020941E+01   34.440344    0.999993130782E+00   -0.908726094374E-04    0.112052587494E-03
  10.850000    0.101282207954E+01   34.638277    0.999990557416E+00   -0.124906402057E-03    0.122564253564E-03
  10.912000    0.101655335915E+01   34.836210    0.999994615495E+00   -0.711819113430E-04    0.124819825921E-03
  10.974000    0.101961444799E+01   35.034143    0.100000219794E+01    0.291080374484E-04    0.118888147060E-03
  11.036000    0.102192849729E+01   35.232076    0.100000778262E+01    0.102981879028E-03    0.105940179292E-03
  11.098000    0.102344380029E+01   35.430009    0.100000755245E+01    0.999562731082E-04    0.878587823211E-04
  11.160000    0.102413524509E+01   35.627942    0.100000207234E+01    0.274821635656E-04    0.670782086085E-04
  11.222000    0.102400521530E+01   35.825875    0.999995681735E+00   -0.570418777762E-04    0.461172561569E-04
  11.284000    0.102308330386E+01   36.023808    0.999993135014E+00   -0.907313545483E-04    0.273683522996E-04
  11.346000    0.102142520361E+01   36.221741    0.999996098943E+00   -0.515371012086E-04    0.127243924152E-04
  11.408000    0.101911039889E+01   36.419674    0.100000204715E+01    0.271414240458E-04    0.345090673475E-05
  11.470000    0.101623900051E+01   36.617607    0.100000633565E+01    0.838304006444E-04    0.253659209318E-07
  11.532000    0.101292763710E+01   36.815540    0.100000571616E+01    0.755884404034E-04    0.216488097484E-05
  11.594000    0.100930472259E+01   37.013473    0.100000071574E+01    0.939437180497E-05    0.890690350169E-05
  11.656000    0.100550533192E+01   37.211406    0.999995089840E+00   -0.650737202146E-04    0.187771288735E-04
  11.718000    0.100166590042E+01   37.409339    0.999992959027E+00   -0.933024950965E-04    0.300402453941E-04
  11.780000    0.997919118581E+00   37.607272    0.999995765176E+00   -0.562148600484E-04    0.409111427065E-04
  11.842000    0.994389126185E+00   37.805205    0.100000134442E+01    0.175750572119E-04    0.498375379886E-04
  11.904000    0.991187406634E+00   38.003138    0.100000560783E+01    0.741828305986E-04    0.556306802110E-04
  11.966000    0.988409322675E+00   38.201071    0.100000565974E+01    0.748805837280E-04    0.576504683426E-04
  12.028000    0.986131580719E+00   38.399004    0.100000174607E+01    0.231223634575E-04    0.557790862009E-04
  12.090000    0.984410441152E+00   38.596937    0.999997002435E+00   -0.396155788240E-04    0.504529015860E-04
  12.152000    0.983280935303E+00   38.794870    0.999994982918E+00   -0.663246720368E-04    0.424939445116E-04
  12.214000    0.982756751787E+00   38.992803    0.999997040315E+00   -0.391091325785E-04    0.330234134137E-04
  12.276000    0.982830955357E+00   39.190736    0.100000139778E+01    0.185271278981E-04    0.232355596736E-04
  12.338000    0.983477239925E+00   39.388669    0.100000462076E+01    0.611563906258E-04    0.142809619564E-04
