   68.984713053536552     
   68.748780481281287     
   68.057866062687751     
   66.959130276267970     
   65.519198325436662     
   63.811574895430510     
   61.905826206386322     
   59.860912289281238     
   57.722801853028770     
   55.525171697881007     
   53.291699931690573     
   51.038741953277416     
   48.777711099249196     
   46.516922109036614     
   44.262879269874645     
   42.021103406831187     
   39.796622137036643     
   37.594233359299885     
   35.418634147594979     
   33.274463717867555     
   31.166298667860865     
   29.098630477584209     
   27.075835299825293     
   25.102144020131117     
   23.181616769847906     
   21.318125314157292     
   19.515342176202221     
   17.776737249999211     
   16.105582551657633     
   14.504963151908278     
   12.977790917299506     
   11.526817904127499     
   10.154642322567708     
   8.8636983439128958     
   7.6562104618942319     
   6.5341008806653029     
   5.4988446039401611     
   4.5512786993671419     
   3.6914063383733753     
   2.9182595129351760     
   2.2298770918887381     
   1.6234034907415489     
   1.0952535221654640     
  0.64127260246548190     
  0.25685581373862787     
  -6.2970694890416581E-002
 -0.32347748937960702     
 -0.53014606021603583     
 -0.68856164839170519     
 -0.80429125821354819     
 -0.88276239779525811     
 -0.92915477209254660     
 -0.94831376506464149     
 -0.94469115908607992     
 -0.92231182088755259     
 -0.88476241110843346     
 -0.83519747255550703     
 -0.77635791496117479     
 -0.71059830683977820     
 -0.63991875954192790     
 -0.56599894364488701     
 -0.49023231829864555     
 -0.41375925751387549     
 -0.33749779055336832     
 -0.26217159603421164     
 -0.18833450727689718     
 -0.11639291576926397     
  -4.6628519888286729E-002
   2.0767658690712329E-002
   8.5621957954328948E-002
  0.14762290027586664     
  0.20605732086138220     
  0.25948772489142696     
  0.30553141829506092     
  0.34095131353023445     
  0.36217125801697486     
  0.36611539486603800     
  0.35108008439484456     
  0.31731179971948692     
  0.26709752108977547     
  0.20438047672208320     
  0.13407437786079657     
   6.1304379751215318E-002
  -9.2372898782457306E-003
  -7.3719475048159275E-002
 -0.12936864715164328     
 -0.17447482066546194     
 -0.20827140909325917     
 -0.23075220599413798     
 -0.24247399163380026     
 -0.24437555826485399     
 -0.23762771441651201     
 -0.22351820558442012     
 -0.20336880705651803     
 -0.17847900988352525     
 -0.15008978317003110     
 -0.11936178498929856     
  -8.7363231412277864E-002
  -5.5064151130016142E-002
  -2.3334455448967215E-002
   7.0556441760419942E-003
   3.5433769184056996E-002
   6.1222512932436968E-002
   8.3935776850099911E-002
  0.10317444254656376     
  0.11862164831745299     
  0.13003852227627924     
  0.13726190760593238     
  0.14020635959767322     
  0.13887069332369292     
  0.13334480073251256     
  0.12380962183452608     
  0.11053029665413713     
   9.3853790342443413E-002
   7.4223866982857656E-002
   5.2212221175884067E-002
   2.8547445560081892E-002
   4.1178188144431558E-003
  -2.0066064421305915E-002
  -4.2945857713489230E-002
  -6.3510138272235603E-002
  -8.0886782843700183E-002
  -9.4414202283305521E-002
 -0.10368094155412841     
 -0.10853259481514803     
 -0.10905182468590706     
 -0.10552067909955924     
  -9.8374449230037214E-002
  -8.8154728794837697E-002
  -7.5466576661852733E-002
  -6.0942551711568663E-002
  -4.5214169341533730E-002
  -2.8890338148598971E-002
  -1.2541686335836227E-002
   3.3104923499765767E-003
   1.8201895564581724E-002
   3.1730426957418859E-002
   4.3559693005645057E-002
   5.3421253354399380E-002
   6.1115857498182533E-002
   6.6513813659154958E-002
   6.9554438946006145E-002
   7.0244566675541631E-002
   6.8655976109938746E-002
   6.4921719444835366E-002
   5.9231241273464234E-002
   5.1824322537398979E-002
   4.2983885588696688E-002
   3.3028062409059776E-002
   2.2301805306306922E-002
   1.1168059243670609E-002
  -2.0025784596761102E-006
  -1.0839645305903103E-002
  -2.0989871374162392E-002
  -3.0123286795022398E-002
  -3.7948365247014150E-002
  -4.4223608010646565E-002
  -4.8768612682919911E-002
  -5.1472743266732318E-002
  -5.2300062572928706E-002
  -5.1289718379649983E-002
  -4.8551579318644268E-002
  -4.4257771969204503E-002
  -3.8631106227565666E-002
  -3.1931788241556777E-002
  -2.4443682974098987E-002
  -1.6461209961465838E-002
  -8.2775557149085341E-003
  -1.7460722569317879E-004
   7.5853107468577246E-003
   1.4765971711020518E-002
   2.1162255443387835E-002
   2.6603856338134241E-002
   3.0957875789777167E-002
   3.4130461719641507E-002
   3.6067557296397865E-002
   3.6754819378867862E-002
   3.6216667607807639E-002
   3.4514466243927684E-002
   3.1743755120731444E-002
   2.8030607439854371E-002
   2.3527087429410481E-002
   1.8405932237541250E-002
   1.2854574727265861E-002
   7.0687299844970301E-003
   1.2457560079527242E-003
  -4.4219697846385663E-003
  -9.7534025294008595E-003
  -1.4584641463836640E-002
  -1.8773995778479668E-002
  -2.2206117609740374E-002
  -2.4795044999076529E-002
  -2.6486088821220968E-002
  -2.7256502292213408E-002
  -2.7115024031090118E-002
  -2.6100277362016682E-002
  -2.4278164443699103E-002
  -2.1738388254344140E-002
  -1.8590303288389658E-002
  -1.4958281974333307E-002
  -1.0976849682930294E-002
  -6.7857923245771478E-003
  -2.5254573410519736E-003
   1.6676190458505158E-003
   5.6646394325107745E-003
   9.3479670739197371E-003
   1.2614016103268242E-002
   1.5375604236600117E-002
   1.7563785016555294E-002
   1.9129156260947727E-002
   2.0042660890379930E-002
   2.0295843446931285E-002
   1.9900591423710177E-002
   1.8888313575532372E-002
   1.7308574558065639E-002
   1.5227181096263550E-002
   1.2723785394204320E-002
   9.8890591519434599E-003
   6.8215422767162366E-003
   3.6242745970873906E-003
   4.0136813256770121E-004
  -2.7453808298648855E-003
  -5.7197177827053537E-003
  -8.4338838419145534E-003
  -1.0811189328440420E-002
  -1.2788101792413605E-002
  -1.4315805912929903E-002
  -1.5361164956366883E-002
  -1.5907093318035699E-002
  -1.5952366371082775E-002
  -1.5510931984245845E-002
  -1.4610772451748568E-002
  -1.3292412904005863E-002
  -1.1607143905271117E-002
  -9.6150674507064476E-003
  -7.3830171936035806E-003
  -4.9824392061179352E-003
  -2.4872850793592133E-003
   2.8026488237069195E-005
   2.4905511163105980E-003
   4.8306325370468866E-003
   6.9835705555512046E-003
   8.8911281614259454E-003
   1.0502859326643186E-002
   1.1777259114831316E-002
   1.2682705692780441E-002
   1.3198186905173557E-002
   1.3313778911169289E-002
   1.3030871586581347E-002
   1.2362107985844663E-002
   1.1331031063937630E-002
   9.9714145266942729E-003
   8.3263086874491125E-003
   6.4467921316847211E-003
   4.3904705279617711E-003
   2.2197569354988679E-003
