   0.000000    0.000000000000E+00    0.000000    0.298993529898E-01   -0.106731516480E+02    0.100000000000E+31
   0.062000    0.000000000000E+00    0.197933    0.303303968933E-01   -0.122664692782E+02    0.326953489431E+04
   0.124000    0.000000000000E+00    0.395866    0.316750822718E-01   -0.122459193046E+02    0.155933809498E+04
   0.186000    0.000000000000E+00    0.593799    0.341201438339E-01   -0.122110225449E+02    0.989640066223E+03
   0.248000    0.000000000000E+00    0.791732    0.379933169463E-01   -0.121585067660E+02    0.705292084166E+03
   0.310000    0.000000000000E+00    0.989665    0.437726847236E-01   -0.120825464168E+02    0.535208597002E+03
   0.372000    0.000000000000E+00    1.187598    0.522620360627E-01   -0.119729387051E+02    0.422342408428E+03
   0.434000    0.000000000000E+00    1.385531    0.648300033663E-01   -0.118122943879E+02    0.342212032585E+03
   0.496000    0.000000000000E+00    1.583464    0.838115228537E-01   -0.115710354423E+02    0.282561028698E+03
   0.558000    0.000000000000E+00    1.781397    0.113543942719E+00   -0.111943512284E+02    0.236567251126E+03
   0.620000    0.000000000000E+00    1.979330    0.162324762706E+00   -0.105774576526E+02    0.200128241566E+03
   0.682000    0.000000000000E+00    2.177263    0.247177394599E+00   -0.950540994670E+01    0.170629418775E+03
   0.744000    0.000000000000E+00    2.375196    0.406128273210E+00   -0.749808291427E+01    0.146324789464E+03
   0.806000    0.000000000000E+00    2.573129    0.722541244474E+00   -0.350298662555E+01    0.126005307254E+03
   0.868000    0.000000000000E+00    2.771062    0.134260036420E+01    0.432520185253E+01    0.108809363617E+03
   0.930000    0.000000000000E+00    2.968995    0.212740495320E+01    0.142322640349E+02    0.941099849750E+02
   0.992000    0.177635683940E-14    3.166928    0.205055753061E+01    0.132620570397E+02    0.814398188466E+02
   1.054000    0.000000000000E+00    3.364861    0.147597944621E+01    0.600884249451E+01    0.704493969219E+02
   1.116000    0.000000000000E+00    3.562794    0.108989934115E+01    0.113492682887E+01    0.608720534952E+02
   1.178000    0.000000000000E+00    3.760727    0.878076132110E+00   -0.153923966308E+01    0.525052003156E+02
   1.240000    0.532907051820E-14    3.958660    0.769470548866E+00   -0.291038032158E+01    0.451908681482E+02
   1.302000    0.149036338826E-11    4.156593    0.724221505433E+00   -0.348168960106E+01    0.387976018691E+02
   1.364000    0.182982518027E-09    4.354526    0.720931489482E+00   -0.352328587211E+01    0.332129024999E+02
   1.426000    0.112562936749E-07    4.552459    0.751138697346E+00   -0.314197836127E+01    0.283396171271E+02
   1.488000    0.377934812335E-06    4.750392    0.809708172484E+00   -0.240257230324E+01    0.240931745196E+02
   1.550000    0.746835493182E-05    4.948325    0.891423222992E+00   -0.137090053849E+01    0.203994407011E+02
   1.612000    0.928209661692E-04    5.146258    0.987954595641E+00   -0.152091962945E+00    0.171932506877E+02
   1.674000    0.769437033495E-03    5.344191    0.108194509230E+01    0.103471537988E+01    0.144170521096E+02
   1.736000    0.448082496267E-02    5.542124    0.115053744599E+01    0.190087724503E+01    0.120199987598E+02
   1.798000    0.191978908231E-01    5.740057    0.117346863225E+01    0.219044821279E+01    0.995692954593E+01
   1.860000    0.630389432287E-01    5.937990    0.114741409231E+01    0.186140438502E+01    0.818790896809E+01
   1.922000    0.164511013179E+00    6.135923    0.109258589272E+01    0.116903547903E+01    0.667746522922E+01
   1.984000    0.352342313553E+00    6.333856    0.103424963256E+01    0.432435807305E+00    0.539420152086E+01
   2.046000    0.637191131887E+00    6.531789    0.986868597514E+00   -0.165793209263E+00    0.431027683057E+01
   2.108000    0.997702849930E+00    6.729722    0.953909809540E+00   -0.581917977751E+00    0.340105306370E+01
   2.170000    0.138275517914E+01    6.927655    0.934816729779E+00   -0.822984444548E+00    0.264471415249E+01
   2.232000    0.172980087525E+01    7.125588    0.928983435589E+00   -0.896643673377E+00    0.202175459423E+01
   2.294000    0.198738060960E+01    7.323521    0.934999895892E+00   -0.820691920651E+00    0.151467960200E+01
   2.356000    0.212978258696E+01    7.521454    0.950790950888E+00   -0.621322735099E+00    0.110760204593E+01
   2.418000    0.215805295200E+01    7.719387    0.973188973318E+00   -0.338525544356E+00    0.786342921203E+00
   2.480000    0.209269736563E+01    7.917320    0.997524891513E+00   -0.312517313550E-01    0.538049264698E+00
   2.542000    0.196260203283E+01    8.115253    0.101887032426E+01    0.238267935153E+00    0.351267327650E+00
   2.604000    0.179666514203E+01    8.313186    0.103284700209E+01    0.414745978017E+00    0.215631461376E+00
   2.666000    0.161842273182E+01    8.511119    0.103744097573E+01    0.472749852195E+00    0.121908383452E+00
   2.728000    0.144458591193E+01    8.709052    0.103376011802E+01    0.426269447679E+00    0.617809477512E-01
   2.790000    0.128533194714E+01    8.906985    0.102468602309E+01    0.311692834989E+00    0.278636444767E-01
   2.852000    0.114581329401E+01    9.104918    0.101363001736E+01    0.172094961323E+00    0.135957245207E-01
   2.914000    0.102768999765E+01    9.302851    0.100296474403E+01    0.374331221070E-01    0.132507223252E-01
   2.976000    0.930501692873E+00    9.500784    0.993980477586E+00   -0.760029611669E-01    0.219194673981E-01
   3.038000    0.852668125131E+00    9.698718    0.987509976732E+00   -0.157700159296E+00    0.355099745497E-01
   3.100000    0.792130355835E+00    9.896651    0.983928515291E+00   -0.202920592512E+00    0.507676752234E-01
   3.162000    0.746767595337E+00   10.094584    0.983464202360E+00   -0.208783911126E+00    0.652329075320E-01
   3.224000    0.714582001378E+00   10.292517    0.985894676260E+00   -0.178097117475E+00    0.772259225802E-01
   3.286000    0.693812487539E+00   10.490450    0.990435068973E+00   -0.120769556507E+00    0.857407900367E-01
   3.348000    0.682939719100E+00   10.688383    0.996023870016E+00   -0.502039280524E-01    0.903623723575E-01
   3.410000    0.680682776098E+00   10.886316    0.100133933955E+01    0.169109286705E-01    0.911271295855E-01
   3.472000    0.685964603954E+00   11.084249    0.100534586854E+01    0.674987547244E-01    0.884000710113E-01
   3.534000    0.697871042817E+00   11.282182    0.100752401865E+01    0.950006462492E-01    0.827632271988E-01
   3.596000    0.715628480091E+00   11.480115    0.100785504778E+01    0.991800260324E-01    0.748966139385E-01
   3.658000    0.738550526412E+00   11.678048    0.100683860082E+01    0.863457606548E-01    0.655315963465E-01
   3.720000    0.766039890776E+00   11.875981    0.100501928122E+01    0.633743324620E-01    0.553541969529E-01
   3.782000    0.797524583015E+00   12.073914    0.100287748509E+01    0.363314041483E-01    0.450208274598E-01
   3.844000    0.832472479972E+00   12.271847    0.100077102515E+01    0.973476595854E-02    0.350806903667E-01
   3.906000    0.870304135175E+00   12.469780    0.998878742081E+00   -0.141575577140E-01    0.260295250150E-01
   3.968000    0.910388914103E+00   12.667713    0.997424857536E+00   -0.325143199946E-01    0.182474040719E-01
   4.030000    0.951925597471E+00   12.865646    0.996561957691E+00   -0.434094503180E-01    0.120592625333E-01
   4.092000    0.993894629322E+00   13.063579    0.996374279380E+00   -0.457791154211E-01    0.770070682967E-02
   4.154000    0.103497693177E+01   13.261512    0.996865391159E+00   -0.395782172053E-01    0.533510667372E-02
   4.216000    0.107344158407E+01   13.459445    0.997830835549E+00   -0.273882631523E-01    0.513529122411E-02
   4.278000    0.110809915493E+01   13.657378    0.999020445166E+00   -0.123679237762E-01    0.645783012734E-02
   4.340000    0.113954843851E+01   13.855311    0.100014455109E+01    0.182534481749E-02    0.698228393967E-02
   4.402000    0.116655215071E+01   14.053244    0.100096907246E+01    0.122359621890E-01    0.617433874418E-02
   4.464000    0.118724895405E+01   14.251177    0.100143239761E+01    0.180860184801E-01    0.423029088080E-02
   4.526000    0.119987977953E+01   14.449110    0.100153934846E+01    0.194363538375E-01    0.161992267662E-02
   4.588000    0.120333605623E+01   14.647043    0.100139962619E+01    0.176721238470E-01   -0.119041321821E-02
   4.650000    0.119730255097E+01   14.844976    0.100112433749E+01    0.141962049480E-01   -0.374498422688E-02
   4.712000    0.118241024605E+01   15.042909    0.100076543213E+01    0.966453398495E-02   -0.573465254273E-02
   4.774000    0.116002065037E+01   15.240842    0.100038528795E+01    0.486471507602E-02   -0.694588672327E-02
   4.836000    0.113203747789E+01   15.438775    0.999995766373E+00   -0.534857534613E-04   -0.731356084117E-02
   4.898000    0.110056319411E+01   15.636708    0.999640082333E+00   -0.454442483316E-02   -0.686435460659E-02
   4.960000    0.106766556921E+01   15.834641    0.999383368121E+00   -0.778572579213E-02   -0.572087974754E-02
   5.022000    0.103516543460E+01   16.032574    0.999254799716E+00   -0.940907136475E-02   -0.405699395463E-02
   5.084000    0.100453644324E+01   16.230507    0.999291051683E+00   -0.895134346089E-02   -0.207604282570E-02
   5.146000    0.976873390954E+00   16.428440    0.999457593386E+00   -0.684853751548E-02    0.137305433866E-04
   5.208000    0.952904331318E+00   16.626373    0.999690634075E+00   -0.390610136176E-02    0.202896015179E-02
   5.270000    0.933053999209E+00   16.824306    0.999931515582E+00   -0.864668819818E-03    0.381327053203E-02
   5.332000    0.917488643468E+00   17.022239    0.100010811970E+01    0.136517284532E-02    0.526356627892E-02
   5.394000    0.906195070591E+00   17.220172    0.100021225839E+01    0.268004355042E-02    0.631274571695E-02
   5.456000    0.899013092143E+00   17.418105    0.100025149197E+01    0.317541900759E-02    0.694837416262E-02
   5.518000    0.895697172486E+00   17.616038    0.100024565406E+01    0.310168729248E-02    0.718426327774E-02
   5.580000    0.895928372128E+00   17.813971    0.100023074456E+01    0.291341408999E-02    0.707275496667E-02
   5.642000    0.899354649919E+00   18.011904    0.100019967084E+01    0.252105001572E-02    0.667471665591E-02
   5.704000    0.905589310322E+00   18.209837    0.100015475482E+01    0.195391278101E-02    0.606848653355E-02
   5.766000    0.914235332309E+00   18.407770    0.100009078749E+01    0.114623488146E-02    0.532535512393E-02
   5.828000    0.924878831358E+00   18.605703    0.100000358830E+01    0.452313930231E-04    0.451703613100E-02
   5.890000    0.937103289614E+00   18.803636    0.999923901148E+00   -0.960912289492E-03    0.369973223244E-02
   5.952000    0.950484198189E+00   19.001569    0.999864616399E+00   -0.170938041850E-02    0.292038442609E-02
   6.014000    0.964597784098E+00   19.199502    0.999845522476E+00   -0.195045273440E-02    0.220922085048E-02
   6.076000    0.979020607441E+00   19.397435    0.999870863220E+00   -0.163048375703E-02    0.158420145623E-02
   6.138000    0.993336259005E+00   19.595368    0.999915287979E+00   -0.106955699149E-02    0.105035485585E-02
   6.200000    0.100714180503E+01   19.793301    0.999967331430E+00   -0.412438004703E-03    0.601918243020E-03
   6.262000    0.102005424890E+01   19.991234    0.100000258686E+01    0.327089608567E-04    0.226462208957E-03
   6.324000    0.103172258389E+01   20.189167    0.100001627803E+01    0.205576142866E-03   -0.952335117001E-04
   6.386000    0.104183284969E+01   20.387100    0.100002155682E+01    0.272224680605E-03   -0.382018682501E-03
   6.448000    0.105012040779E+01   20.585033    0.100002048678E+01    0.258722562993E-03   -0.652691092599E-03
   6.510000    0.105636789428E+01   20.782966    0.100002896145E+01    0.365715297468E-03   -0.913347810405E-03
   6.572000    0.106041946611E+01   20.980899    0.100004167688E+01    0.526250815816E-03   -0.116125804111E-02
   6.634000    0.106218651440E+01   21.178832    0.100004776964E+01    0.603168098671E-03   -0.138158826115E-02
   6.696000    0.106166541184E+01   21.376765    0.100004600445E+01    0.580871457946E-03   -0.155733862435E-02
   6.758000    0.105894042428E+01   21.574698    0.100002589022E+01    0.326900717371E-03   -0.166869921679E-02
   6.820000    0.105419109249E+01   21.772631    0.999999937581E+00   -0.781669300332E-06   -0.170176624428E-02
   6.882000    0.104768229448E+01   21.970564    0.999978286835E+00   -0.274142086491E-03   -0.164730837950E-02
   6.944000    0.103975382083E+01   22.168497    0.999965826096E+00   -0.431455782690E-03   -0.150549617764E-02
   7.006000    0.103079686218E+01   22.366430    0.999971999614E+00   -0.353518587897E-03   -0.128344939730E-02
   7.068000    0.102123064942E+01   22.564363    0.999984195674E+00   -0.199508225442E-03   -0.995866103213E-03
   7.130000    0.101147530742E+01   22.762296    0.999996783074E+00   -0.405472028901E-04   -0.662206638693E-03
   7.192000    0.100192807992E+01   22.960229    0.100000392148E+01    0.495976361164E-04   -0.304601602076E-03
   7.254000    0.992944206719E+00   23.158162    0.999999205481E+00   -0.994966922876E-05    0.540744447003E-04
   7.316000    0.984822122793E+00   23.356095    0.999994297581E+00   -0.719377510280E-04    0.393301701741E-03
   7.378000    0.977797050416E+00   23.554028    0.999990686096E+00   -0.117569896873E-03    0.695123288567E-03
   7.440000    0.972036786949E+00   23.751961    0.999993716976E+00   -0.793346986386E-04    0.946987468206E-03
   7.502000    0.967645539473E+00   23.949894    0.100000486449E+01    0.613606791548E-04    0.114018210356E-02
   7.564000    0.964666698998E+00   24.147827    0.100001278195E+01    0.161267213426E-03    0.127187093876E-02
   7.626000    0.963091673469E+00   24.345760    0.100001748747E+01    0.220621465571E-03    0.134236908376E-02
   7.688000    0.962865381395E+00   24.543693    0.100001330670E+01    0.167782404375E-03    0.135644506468E-02
   7.750000    0.963895902937E+00   24.741626    0.100000246144E+01    0.308106967450E-04    0.132030192443E-02
   7.812000    0.966060011414E+00   24.939559    0.999994661947E+00   -0.676860901931E-04    0.124245187667E-02
   7.874000    0.969211526884E+00   25.137492    0.999989390569E+00   -0.134238198122E-03    0.113117566845E-02
   7.936000    0.973186078130E+00   25.335425    0.999992617769E+00   -0.932099804545E-04    0.995191986650E-03
   7.998000    0.977807688728E+00   25.533358    0.999999875937E+00   -0.153515482055E-05    0.842047331012E-03
   8.060000    0.982892984122E+00   25.731291    0.100000427644E+01    0.540543207885E-04    0.678630729591E-03
   8.122000    0.988256334622E+00   25.929224    0.100000658470E+01    0.832212115230E-04    0.510547682010E-03
   8.184000    0.993714004671E+00   26.127157    0.100000155933E+01    0.197832009832E-04    0.342436873331E-03
   8.246000    0.999088392004E+00   26.325090    0.999995534293E+00   -0.562851546216E-04    0.178132420417E-03
   8.308000    0.100421237035E+01   26.523023    0.999992672118E+00   -0.924271807008E-04    0.206698084905E-04
   8.370000    0.100893288402E+01   26.720956    0.999992536660E+00   -0.941468886344E-04   -0.127070419344E-03
   8.432000    0.101311531515E+01   26.918889    0.999998930991E+00   -0.134144065423E-04   -0.262710373791E-03
   8.494000    0.101664631797E+01   27.116822    0.100000437867E+01    0.553498524898E-04   -0.383558311207E-03
   8.556000    0.101943764925E+01   27.314755    0.100000698276E+01    0.882079962803E-04   -0.487294167263E-03
   8.618000    0.102142784414E+01   27.512688    0.100000634166E+01    0.800927466785E-04   -0.571219130371E-03
   8.680000    0.102258472949E+01   27.710621    0.100000028213E+01    0.356552971487E-05   -0.633173234532E-03
   8.742000    0.102290543483E+01   27.908554    0.999996345695E+00   -0.461484604221E-04   -0.671014460083E-03
   8.804000    0.102241677972E+01   28.106487    0.999994538542E+00   -0.689684043936E-04   -0.683564492016E-03
   8.866000    0.102117312344E+01   28.304420    0.999996158510E+00   -0.485051987596E-04   -0.670214040006E-03
   8.928000    0.101925427540E+01   28.502353    0.100000164558E+01    0.207956254148E-04   -0.631668261834E-03
   8.990000    0.101676123870E+01   28.700287    0.100000420662E+01    0.531253605630E-04   -0.569552571826E-03
   9.052000    0.101381192800E+01   28.898220    0.100000515165E+01    0.650567256436E-04   -0.486786384924E-03
   9.114000    0.101053548934E+01   29.096153    0.100000247412E+01    0.312528434088E-04   -0.387153350141E-03
   9.176000    0.100706677156E+01   29.294086    0.999997501858E+00   -0.315259995458E-04   -0.275262474601E-03
   9.238000    0.100354051448E+01   29.492019    0.999995776798E+00   -0.533064424245E-04   -0.156203866253E-03
   9.300000    0.100008586668E+01   29.689952    0.999995346541E+00   -0.587412969078E-04   -0.351939124254E-04
   9.362000    0.996821669842E+00   29.887885    0.999998598313E+00   -0.176871771164E-04    0.826100104947E-04
   9.424000    0.993852259108E+00   30.085818    0.100000267243E+01    0.337574684572E-04    0.192579802173E-03
   9.486000    0.991264681367E+00   30.283751    0.100000363822E+01    0.459433911795E-04    0.290591672603E-03
   9.548000    0.989126393037E+00   30.481684    0.100000353748E+01    0.446614306942E-04    0.373472920217E-03
   9.610000    0.987484570763E+00   30.679617    0.999999983420E+00   -0.222754852337E-06    0.438772405628E-03
   9.672000    0.986365708195E+00   30.877550    0.999996941890E+00   -0.386354616226E-04    0.485107701174E-03
   9.734000    0.985776646415E+00   31.075483    0.999996600963E+00   -0.429477698107E-04    0.511806490499E-03
   9.796000    0.985705614975E+00   31.273416    0.999997293657E+00   -0.342072128876E-04    0.519137266861E-03
   9.858000    0.986124352880E+00   31.471349    0.100000101593E+01    0.127908483084E-04    0.507923017861E-03
   9.920000    0.986990054491E+00   31.669282    0.100000318441E+01    0.402110283810E-04    0.479672315284E-03
   9.982000    0.988248009660E+00   31.867215    0.100000321613E+01    0.406145011885E-04    0.436251304377E-03
  10.044000    0.989833991541E+00   32.065148    0.100000208574E+01    0.263444994856E-04    0.379938952705E-03
  10.106000    0.991676997233E+00   32.263081    0.999998511834E+00   -0.187781651961E-04    0.313203286996E-03
  10.168000    0.993701777404E+00   32.461014    0.999997172245E+00   -0.356910454166E-04    0.238698572634E-03
  10.230000    0.995831430340E+00   32.658947    0.999997334391E+00   -0.336431803127E-04    0.159145865977E-03
  10.292000    0.997989825476E+00   32.856880    0.999998812980E+00   -0.149746949346E-04    0.772771858540E-04
  10.354000    0.100010384886E+01   33.054813    0.100000194761E+01    0.246034982557E-04   -0.419457701159E-05
  10.416000    0.100210553491E+01   33.252746    0.100000247884E+01    0.313183059874E-04   -0.826912966334E-04
  10.478000    0.100393382027E+01   33.450679    0.100000209083E+01    0.264159493687E-04   -0.155738422911E-03
  10.540000    0.100553623152E+01   33.648612    0.100000024925E+01    0.315921081444E-05   -0.221127993514E-03
  10.602000    0.100687006565E+01   33.846545    0.999997635023E+00   -0.298534508861E-04   -0.276858367901E-03
  10.664000    0.100790350947E+01   34.044478    0.999997692452E+00   -0.291330995228E-04   -0.321315327211E-03
  10.726000    0.100861616152E+01   34.242411    0.999998243687E+00   -0.221763377973E-04   -0.353202090188E-03
  10.788000    0.100899942588E+01   34.440344    0.100000037036E+01    0.467405822969E-05   -0.371709215335E-03
  10.850000    0.100905625985E+01   34.638277    0.100000242803E+01    0.306568213712E-04   -0.376434271456E-03
  10.912000    0.100880074557E+01   34.836210    0.100000203500E+01    0.257095970815E-04   -0.367508328434E-03
  10.974000    0.100825707074E+01   35.034143    0.100000141257E+01    0.178472145177E-04   -0.345503610260E-03
  11.036000    0.100745833699E+01   35.232076    0.999999196153E+00   -0.101345609521E-04   -0.311494968790E-03
  11.098000    0.100644491895E+01   35.430009    0.999997793641E+00   -0.278353480370E-04   -0.266952829569E-03
  11.160000    0.100526273332E+01   35.627942    0.999998401944E+00   -0.201497786309E-04   -0.213732661993E-03
  11.222000    0.100396128268E+01   35.825875    0.999999109041E+00   -0.112198266533E-04   -0.153966750952E-03
  11.284000    0.100259169372E+01   36.023808    0.100000125422E+01    0.158632507522E-04   -0.899857877448E-04
  11.346000    0.100120478664E+01   36.221741    0.100000196321E+01    0.248095739539E-04   -0.242286965892E-04
  11.408000    0.999849240231E+00   36.419674    0.100000120388E+01    0.152203190155E-04    0.408757558040E-04
  11.470000    0.998569996601E+00   36.617607    0.100000033903E+01    0.428655944479E-05    0.102974384195E-03
  11.532000    0.997406836991E+00   36.815540    0.999998343163E+00   -0.209309382050E-04    0.159914039015E-03
  11.594000    0.996393322457E+00   37.013473    0.999998217764E+00   -0.225323133455E-04    0.209772852397E-03
  11.656000    0.995555950917E+00   37.211406    0.999999013722E+00   -0.125002132153E-04    0.250970206270E-03
  11.718000    0.994913724715E+00   37.409339    0.100000005492E+01    0.631250768903E-06    0.282259414117E-03
  11.780000    0.994477911833E+00   37.607272    0.100000182998E+01    0.230328416075E-04    0.302809541519E-03
  11.842000    0.994252194718E+00   37.805205    0.100000153850E+01    0.193492242200E-04    0.312167711832E-03
  11.904000    0.994232971183E+00   38.003138    0.100000082123E+01    0.103712688337E-04    0.310305821599E-03
  11.966000    0.994409972246E+00   38.201071    0.999999674075E+00   -0.410905067885E-05    0.297562848615E-03
  12.028000    0.994766965685E+00   38.399004    0.999998258601E+00   -0.219777956345E-04    0.274655613946E-03
  12.090000    0.995282669224E+00   38.596937    0.999998863568E+00   -0.143363275595E-04    0.242614524196E-03
  12.152000    0.995931721693E+00   38.794870    0.999999462318E+00   -0.677473282019E-05    0.202759037092E-03
  12.214000    0.996685745861E+00   38.992803    0.100000064777E+01    0.819373989209E-05    0.156635114465E-03
  12.276000    0.997514419129E+00   39.190736    0.100000158552E+01    0.200334096954E-04    0.105966809853E-03
  12.338000    0.998386552825E+00   39.388669    0.100000073455E+01    0.928794946659E-05    0.525945198261E-04
