   0.000000    0.000000000000E+00    0.000000    0.571299979411E-02   -0.498470215401E+02    0.100000000000E+31
   0.062000    0.000000000000E+00    0.197933    0.582921153218E-02   -0.152175641135E+02    0.238285912580E+04
   0.124000    0.000000000000E+00    0.395866    0.620814455905E-02   -0.152006206426E+02    0.207125526788E+04
   0.186000    0.000000000000E+00    0.593799    0.690739255638E-02   -0.151846608923E+02    0.180142597443E+04
   0.248000    0.000000000000E+00    0.791732    0.802938602249E-02   -0.151664821689E+02    0.156769252555E+04
   0.310000    0.000000000000E+00    0.989665    0.977723872668E-02   -0.151406513930E+02    0.136513288996E+04
   0.372000    0.000000000000E+00    1.187598    0.125124200159E-01   -0.150999560874E+02    0.118947735463E+04
   0.434000    0.000000000000E+00    1.385531    0.169217401710E-01   -0.150331534889E+02    0.103703677029E+04
   0.496000    0.000000000000E+00    1.583464    0.243738095495E-01   -0.149190317051E+02    0.904637320099E+03
   0.558000    0.000000000000E+00    1.781397    0.378638028923E-01   -0.147122340014E+02    0.789581380981E+03
   0.620000    0.000000000000E+00    1.979330    0.646613595454E-01   -0.143021417989E+02    0.689548371908E+03
   0.682000    0.000000000000E+00    2.177263    0.125404049387E+00   -0.133735541683E+02    0.602577141728E+03
   0.744000    0.000000000000E+00    2.375196    0.293306635043E+00   -0.108066128257E+02    0.526972688378E+03
   0.806000    0.000000000000E+00    2.573129    0.936138443715E+00   -0.976629750377E+00    0.461260497209E+03
   0.868000    0.000000000000E+00    2.771062    0.385649322366E+01    0.436894854226E+02    0.404146750193E+03
   0.930000    0.000000000000E+00    2.968995    0.269958997251E+01    0.259892401318E+02    0.354485710667E+03
   0.992000    0.000000000000E+00    3.166928    0.109190720915E+01    0.140522575907E+01    0.311266025303E+03
   1.054000    0.000000000000E+00    3.364861    0.652501880380E+00   -0.531291606878E+01    0.273597026150E+03
   1.116000    0.000000000000E+00    3.562794    0.501663763273E+00   -0.761900560204E+01    0.240700903618E+03
   1.178000    0.000000000000E+00    3.760727    0.456806922577E+00   -0.830484238816E+01    0.211910098085E+03
   1.240000    0.000000000000E+00    3.958660    0.472185860085E+00   -0.806975755495E+01    0.186652297628E+03
   1.302000    0.000000000000E+00    4.156593    0.542377225694E+00   -0.699663479213E+01    0.164445220639E+03
   1.364000    0.000000000000E+00    4.354526    0.678691982537E+00   -0.491251795985E+01    0.144880961541E+03
   1.426000    0.000000000000E+00    4.552459    0.901440389645E+00   -0.150689647346E+01    0.127618164498E+03
   1.488000    0.000000000000E+00    4.750392    0.120127561240E+01    0.307735984116E+01    0.112366369543E+03
   1.550000    0.000000000000E+00    4.948325    0.147266385359E+01    0.722686779404E+01    0.988794913990E+02
   1.612000    0.000000000000E+00    5.146258    0.151603587663E+01    0.789036107659E+01    0.869437539043E+02
   1.674000    0.710542735760E-14    5.344191    0.132935428487E+01    0.503623346124E+01    0.763758009095E+02
   1.736000    0.198951966013E-11    5.542124    0.107361726917E+01    0.112571013662E+01    0.670139582531E+02
   1.798000    0.384119402952E-09    5.740057    0.898186973846E+00   -0.155681368908E+01    0.587162150288E+02
   1.860000    0.320579971458E-07    5.937990    0.815043844556E+00   -0.282809879354E+01    0.513572268633E+02
   1.922000    0.129945677330E-05    6.135923    0.780902649057E+00   -0.335017281187E+01    0.448265591050E+02
   1.984000    0.283275947268E-04    6.333856    0.787139732052E+00   -0.325482161350E+01    0.390269957388E+02
   2.046000    0.363177610890E-03    6.531789    0.833007176647E+00   -0.255344203524E+01    0.338734357890E+02
   2.108000    0.296015865204E-02    6.729722    0.914272041590E+00   -0.131081578256E+01    0.292919855725E+02
   2.170000    0.164152756622E-01    6.927655    0.101711264400E+01    0.261656916987E+00    0.252185287266E+02
   2.232000    0.656454497330E-01    7.125588    0.111341331429E+01    0.173410955038E+01    0.215982732878E+02
   2.294000    0.199033873685E+00    7.323521    0.116428251471E+01    0.251196193050E+01    0.183843168692E+02
   2.356000    0.477325529808E+00    7.521454    0.115001976450E+01    0.229394880767E+01    0.155371179078E+02
   2.418000    0.938324170481E+00    7.719387    0.109059906750E+01    0.138537095331E+01    0.130233657244E+02
   2.480000    0.155714266537E+01    7.917320    0.102586373962E+01    0.395485360958E+00    0.108152607672E+02
   2.542000    0.223437469739E+01    8.115253    0.975916638433E+00   -0.368251745063E+00    0.888949674493E+01
   2.604000    0.290271712847E+01    8.313186    0.941597194526E+00   -0.893007663424E+00    0.719952959891E+01
   2.666000    0.328591364443E+01    8.511119    0.921964723698E+00   -0.119318998961E+01    0.578164218553E+01
   2.728000    0.338193535234E+01    8.709052    0.919904770931E+00   -0.122468573359E+01    0.458993715362E+01
   2.790000    0.320934775153E+01    8.906985    0.937150793644E+00   -0.960988931520E+00    0.360572813182E+01
   2.852000    0.284564356155E+01    9.104918    0.970281280504E+00   -0.454412728747E+00    0.281001283803E+01
   2.914000    0.238524871933E+01    9.302851    0.100929259936E+01    0.142088490658E+00    0.218459216832E+01
   2.976000    0.191126216692E+01    9.500784    0.104070700288E+01    0.622438349123E+00    0.171121448772E+01
   3.038000    0.147951157368E+01    9.698718    0.105365354398E+01    0.820407195504E+00    0.137179491462E+01
   3.100000    0.111881054099E+01    9.896651    0.104723434293E+01    0.722254518478E+00    0.114732419882E+01
   3.162000    0.837126907641E+00   10.094584    0.103004623771E+01    0.459431665628E+00    0.101686456943E+01
   3.224000    0.629789385109E+00   10.292517    0.101214863818E+01    0.185761451540E+00    0.956083712260E+00
   3.286000    0.486302380790E+00   10.490450    0.997500818230E+00   -0.382133523003E-01    0.936139143566E+00
   3.348000    0.394390085532E+00   10.688383    0.985340098250E+00   -0.224156290517E+00    0.925917722664E+00
   3.410000    0.342686122681E+00   10.886316    0.975691522885E+00   -0.371686595783E+00    0.897778217153E+00
   3.472000    0.321349439436E+00   11.084249    0.971530640005E+00   -0.435307845854E+00    0.837186827479E+00
   3.534000    0.322594807657E+00   11.282182    0.975446134133E+00   -0.375438987809E+00    0.745559873194E+00
   3.596000    0.340280352261E+00   11.480115    0.986708849162E+00   -0.203228505749E+00    0.635527996533E+00
   3.658000    0.369823366053E+00   11.678048    0.100088935624E+01    0.135969247163E-01    0.521371293911E+00
   3.720000    0.407776740495E+00   11.875981    0.101224446916E+01    0.187222097129E+00    0.413860277551E+00
   3.782000    0.451632192906E+00   12.073914    0.101689010167E+01    0.258256733669E+00    0.318942226518E+00
   3.844000    0.499588846379E+00   12.271847    0.101509467087E+01    0.230804069335E+00    0.238851313840E+00
   3.906000    0.550342872598E+00   12.469780    0.101019910322E+01    0.155948335530E+00    0.173596681069E+00
   3.968000    0.603019934383E+00   12.667713    0.100547943155E+01    0.837836743083E-01    0.121910838165E+00
   4.030000    0.656966228303E+00   12.865646    0.100170657909E+01    0.260950325519E-01    0.821288308881E-01
   4.092000    0.711784634726E+00   13.063579    0.997941603562E+00   -0.314731533187E-01    0.523712739070E-01
   4.154000    0.767138301481E+00   13.261512    0.993842459487E+00   -0.941507830516E-01    0.309581596392E-01
   4.216000    0.822836926488E+00   13.459445    0.990808100413E+00   -0.140547220424E+00    0.163045962982E-01
   4.278000    0.878677111001E+00   13.657378    0.990630304925E+00   -0.143265649651E+00    0.712654985859E-02
   4.340000    0.934528246471E+00   13.855311    0.993766506979E+00   -0.953118824310E-01    0.230027539260E-02
   4.402000    0.990238378531E+00   14.053244    0.998730809930E+00   -0.194056401180E-01    0.945140725730E-03
   4.464000    0.104566467592E+01   14.251177    0.100311956085E+01    0.477005449022E-01    0.235136050184E-02
   4.526000    0.110067418349E+01   14.449110    0.100515586413E+01    0.788365136920E-01    0.594567742026E-02
   4.588000    0.115502491092E+01   14.647043    0.100478858570E+01    0.732203208957E-01    0.113451433080E-01
   4.650000    0.120846829135E+01   14.844976    0.100330280077E+01    0.505015641941E-01    0.181748001760E-01
   4.712000    0.126030279933E+01   15.042909    0.100203628946E+01    0.311357474995E-01    0.263058173408E-01
   4.774000    0.130959814095E+01   15.240842    0.100127038493E+01    0.194245913521E-01    0.354586825649E-01
   4.836000    0.135418320495E+01   15.438775    0.100042034466E+01    0.642713606892E-02    0.457518617380E-01
   4.898000    0.139118542777E+01   15.636708    0.999010095405E+00   -0.151362854521E-01    0.570525240747E-01
   4.960000    0.141591942638E+01   15.834641    0.997435363368E+00   -0.392145672728E-01    0.697350164740E-01
   5.022000    0.142398462470E+01   16.032574    0.996627049914E+00   -0.515740893179E-01    0.834234450276E-01
   5.084000    0.141087916359E+01   16.230507    0.997203802758E+00   -0.427552350435E-01    0.979311000955E-01
   5.146000    0.139505630300E+01   16.428440    0.998875859119E+00   -0.171885296217E-01    0.975749184498E-01
   5.208000    0.138002478267E+01   16.626373    0.100068467090E+01    0.104692108684E-01    0.781040524989E-01
   5.270000    0.134969786874E+01   16.824306    0.100169822881E+01    0.259670366989E-01    0.511556004528E-01
   5.332000    0.129648547754E+01   17.022239    0.100167568329E+01    0.256222520044E-01    0.250341552045E-01
   5.394000    0.121875428457E+01   17.220172    0.100108066021E+01    0.165239508596E-01    0.684509116991E-02
   5.456000    0.112286677596E+01   17.418105    0.100057878291E+01    0.885001552887E-02    0.153951566970E-04
   5.518000    0.101894215939E+01   17.616038    0.100042606973E+01    0.651484445982E-02    0.528209072795E-02
   5.580000    0.917799991430E+00   17.813971    0.100037395699E+01    0.571788347602E-02    0.206062300056E-01
   5.642000    0.828349485067E+00   18.011904    0.100003907758E+01    0.597268171912E-03    0.416720752925E-01
   5.704000    0.755871138389E+00   18.209837    0.999393293315E+00   -0.927722160728E-02    0.635142225017E-01
   5.766000    0.702871865790E+00   18.407770    0.998815390890E+00   -0.181137267904E-01    0.809366238533E-01
   5.828000    0.668970330862E+00   18.605703    0.998755434846E+00   -0.190304989047E-01    0.908852636813E-01
   5.890000    0.652750452375E+00   18.803636    0.999306650105E+00   -0.106021077262E-01    0.918574153260E-01
   5.952000    0.651596924871E+00   19.001569    0.100013310016E+01    0.203521155611E-02    0.851210218150E-01
   6.014000    0.663065921789E+00   19.199502    0.100072801157E+01    0.111318088615E-01    0.726966602180E-01
   6.076000    0.684408164835E+00   19.397435    0.100081666797E+01    0.124874767155E-01    0.576100709506E-01
   6.138000    0.713404070672E+00   19.595368    0.100051258076E+01    0.783788290482E-02    0.421305977659E-01
   6.200000    0.747851615988E+00   19.793301    0.100016800763E+01    0.256920389712E-02    0.282493334339E-01
   6.262000    0.786063244251E+00   19.991234    0.100003058059E+01    0.467867208008E-03    0.169075154592E-01
   6.324000    0.826471963940E+00   20.189167    0.100006711330E+01    0.102643836590E-02    0.862864736512E-02
   6.386000    0.867898398082E+00   20.387100    0.100005055867E+01    0.773263009552E-03    0.329827429014E-02
   6.448000    0.909301111447E+00   20.585033    0.999839998555E+00   -0.244625654744E-02    0.607759155005E-03
   6.510000    0.949875234290E+00   20.782966    0.999531954905E+00   -0.715645074435E-02    0.271274413599E-04
   6.572000    0.988934685210E+00   20.980899    0.999382865772E+00   -0.943616418154E-02    0.100116724197E-02
   6.634000    0.102589497070E+01   21.178832    0.999558053359E+00   -0.675751761512E-02    0.299462996625E-02
   6.696000    0.106026835673E+01   21.376765    0.999983694271E+00   -0.249309533478E-03    0.551001458759E-02
   6.758000    0.109157586528E+01   21.574698    0.100039358073E+01    0.601802266393E-02    0.817224971738E-02
   6.820000    0.111943130419E+01   21.772631    0.100055046785E+01    0.841691203920E-02    0.106432762453E-01
   6.882000    0.114341429085E+01   21.970564    0.100041497715E+01    0.634521548328E-02    0.127323392309E-01
   6.944000    0.116321425283E+01   22.168497    0.100015432826E+01    0.235994599159E-02    0.142602431324E-01
   7.006000    0.117848412492E+01   22.366430    0.999969659889E+00   -0.463684966437E-03    0.151845294657E-01
   7.068000    0.118901430261E+01   22.564363    0.999933361637E+00   -0.101875873153E-02    0.154466672170E-01
   7.130000    0.119457978163E+01   22.762296    0.999952188931E+00   -0.730752541708E-03    0.151025124189E-01
   7.192000    0.119511989277E+01   22.960229    0.999899320425E+00   -0.153901432175E-02    0.141727174950E-01
   7.254000    0.119059278880E+01   23.158162    0.999753161053E+00   -0.377384792801E-02    0.127700394400E-01
   7.316000    0.118114576209E+01   23.356095    0.999631423120E+00   -0.563531417511E-02    0.109654249059E-01
   7.378000    0.116698860286E+01   23.554028    0.999672609954E+00   -0.500567684691E-02    0.890493460429E-02
   7.440000    0.114853433877E+01   23.751961    0.999905326914E+00   -0.144743519091E-02    0.669966668642E-02
   7.502000    0.112627844030E+01   23.949894    0.100020576176E+01    0.314606931288E-02    0.452616062821E-02
   7.564000    0.110086850224E+01   24.147827    0.100039764530E+01    0.607971151741E-02    0.254665935895E-02
   7.626000    0.107297118201E+01   24.345760    0.100038404539E+01    0.587137173884E-02    0.987725794910E-03
   7.688000    0.104326990942E+01   24.543693    0.100021664416E+01    0.331136096480E-02    0.998918326653E-04
   7.750000    0.101240172134E+01   24.741626    0.100003115672E+01    0.474870684081E-03    0.176705053279E-03
   7.812000    0.981080209271E+00   24.939559    0.999931734228E+00   -0.104549785625E-02    0.140972586960E-02
   7.874000    0.950205473137E+00   25.137492    0.999912674562E+00   -0.133693392738E-02    0.376263435682E-02
   7.936000    0.920863435862E+00   25.335425    0.999896977186E+00   -0.157527119952E-02    0.694980077050E-02
   7.998000    0.894291449741E+00   25.533358    0.999829915956E+00   -0.260046280922E-02    0.104373989037E-01
   8.060000    0.871678015162E+00   25.731291    0.999746501131E+00   -0.387574582339E-02    0.136219128940E-01
   8.122000    0.854074049450E+00   25.929224    0.999737043130E+00   -0.402023191552E-02    0.159016919988E-01
   8.184000    0.842182631432E+00   26.127157    0.999860202349E+00   -0.213699721758E-02    0.169079167605E-01
   8.246000    0.836379363429E+00   26.325090    0.100007497657E+01    0.114701543351E-02    0.164856156948E-01
   8.308000    0.836619656920E+00   26.523023    0.100026671695E+01    0.407877752846E-02    0.148061167291E-01
   8.370000    0.842572746631E+00   26.720956    0.100033056534E+01    0.505496492744E-02    0.122010711231E-01
   8.432000    0.853612697898E+00   26.918889    0.100025145456E+01    0.384528362902E-02    0.915903627535E-02
   8.494000    0.868974486863E+00   27.116822    0.100010223742E+01    0.156355537024E-02    0.612999742805E-02
   8.556000    0.887765859749E+00   27.314755    0.999978371008E+00   -0.330546658048E-03    0.351729562830E-02
   8.618000    0.909085698458E+00   27.512688    0.999919861053E+00   -0.122529879076E-02    0.156673030003E-02
   8.680000    0.932033071555E+00   27.710621    0.999898586946E+00   -0.155067200803E-02    0.401149023065E-03
   8.742000    0.955772732962E+00   27.908554    0.999864870268E+00   -0.206626819093E-02    0.161190516630E-05
   8.804000    0.979539901287E+00   28.106487    0.999812225925E+00   -0.287119826060E-02    0.257658183134E-03
   8.866000    0.100265793497E+01   28.304420    0.999787237660E+00   -0.325329875085E-02    0.996760561560E-03
   8.928000    0.102454407883E+01   28.502353    0.999845742779E+00   -0.235863169375E-02    0.201653421586E-02
   8.990000    0.104469347282E+01   28.700287    0.999990518099E+00   -0.144928640942E-03    0.312687232500E-02
   9.052000    0.106269298449E+01   28.898220    0.100015820474E+01    0.241908863375E-02    0.415212498516E-02
   9.114000    0.107818833085E+01   29.096153    0.100026014381E+01    0.397781358490E-02    0.497025164703E-02
   9.176000    0.109091065751E+01   29.294086    0.100024953592E+01    0.381562951719E-02    0.548948819469E-02
   9.238000    0.110063994054E+01   29.492019    0.100014993263E+01    0.229264164275E-02    0.568090586001E-02
   9.300000    0.110724265746E+01   29.689952    0.100003083182E+01    0.471518339648E-03    0.554012029135E-02
   9.362000    0.111063746694E+01   29.887885    0.999948049503E+00   -0.794286485297E-03    0.511406547497E-02
   9.424000    0.111083645780E+01   30.085818    0.999909190584E+00   -0.138842099540E-02    0.445820540713E-02
   9.486000    0.110791327999E+01   30.283751    0.999884381267E+00   -0.176780735085E-02    0.365894197435E-02
   9.548000    0.110203806666E+01   30.481684    0.999852303598E+00   -0.225834789738E-02    0.279434282383E-02
   9.610000    0.109344592910E+01   30.679617    0.999827995367E+00   -0.263010170467E-02    0.195288460262E-02
   9.672000    0.108245796441E+01   30.877550    0.999851409796E+00   -0.227215128279E-02    0.120279046018E-02
   9.734000    0.106944982931E+01   31.075483    0.999943309418E+00   -0.867017495510E-03    0.606910802372E-03
   9.796000    0.105485636205E+01   31.273416    0.100007718556E+01    0.117998806315E-02    0.203138967575E-03
   9.858000    0.103914286236E+01   31.471349    0.100018921244E+01    0.289292958387E-02    0.146337424845E-04
   9.920000    0.102279627577E+01   31.669282    0.100022408694E+01    0.342642433732E-02    0.417396070654E-04
   9.982000    0.100630403114E+01   31.867215    0.100017258482E+01    0.263895247806E-02    0.266663448678E-03
  10.044000    0.990137802550E+00   32.065148    0.100007467002E+01    0.114179956116E-02    0.655964834231E-03
  10.106000    0.974744436348E+00   32.263081    0.999983373290E+00   -0.254157639029E-03    0.115925277859E-02
  10.168000    0.960528546412E+00   32.461014    0.999927148845E+00   -0.111385127947E-02    0.172059768771E-02
  10.230000    0.947857117754E+00   32.658947    0.999898057342E+00   -0.155867659446E-02    0.227173856675E-02
  10.292000    0.937041934546E+00   32.856880    0.999876030509E+00   -0.189548650839E-02    0.275086212462E-02
  10.354000    0.928348495314E+00   33.054813    0.999857802329E+00   -0.217421624739E-02    0.309337552697E-02
  10.416000    0.921970790828E+00   33.252746    0.999865142235E+00   -0.206193965963E-02    0.325787357130E-02
  10.478000    0.918040813044E+00   33.450679    0.999921053095E+00   -0.120704990253E-02    0.321541626075E-02
  10.540000    0.916605623520E+00   33.648612    0.100002148289E+01    0.328548691060E-03    0.297405475360E-02
  10.602000    0.917643501179E+00   33.846545    0.100012700465E+01    0.194200381375E-02    0.256066742984E-02
  10.664000    0.921049665519E+00   34.044478    0.100018745200E+01    0.286624584779E-02    0.203463379659E-02
  10.726000    0.926657006632E+00   34.242411    0.100017577440E+01    0.268766298449E-02    0.146212642878E-02
  10.788000    0.934230019154E+00   34.440344    0.100010618080E+01    0.162353354217E-02    0.919456016053E-03
  10.850000    0.943485894200E+00   34.638277    0.100001914262E+01    0.292675778468E-03    0.468813071045E-03
  10.912000    0.954096007053E+00   34.836210    0.999951015677E+00   -0.748925689637E-03    0.159000645964E-03
  10.974000    0.965705058216E+00   35.034143    0.999911770642E+00   -0.134898851233E-02    0.122951013683E-04
  11.036000    0.977939282492E+00   35.232076    0.999890635820E+00   -0.167216425779E-02    0.280316151033E-04
  11.098000    0.990421487770E+00   35.430009    0.999877408580E+00   -0.187438655711E-02    0.183034315586E-03
  11.160000    0.100278335136E+01   35.627942    0.999879128419E+00   -0.184805085920E-02    0.437230528624E-03
  11.222000    0.101467395452E+01   35.825875    0.999912996276E+00   -0.133017924117E-02    0.743230011858E-03
  11.284000    0.102577283396E+01   36.023808    0.999985555403E+00   -0.220707787718E-03    0.104984789830E-02
  11.346000    0.103579129592E+01   36.221741    0.100007671297E+01    0.117311969638E-02    0.131448068961E-02
  11.408000    0.104448465138E+01   36.419674    0.100014766750E+01    0.225806505031E-02    0.150138498227E-02
  11.470000    0.105164820271E+01   36.617607    0.100016524343E+01    0.252674073448E-02    0.159236312441E-02
  11.532000    0.105712870161E+01   36.815540    0.100012484128E+01    0.190887657414E-02    0.157945544124E-02
  11.594000    0.106081781447E+01   37.013473    0.100005103736E+01    0.780262409275E-03    0.147230152000E-02
  11.656000    0.106266268457E+01   37.211406    0.999978570332E+00   -0.327913309125E-03    0.128727046402E-02
  11.718000    0.106265858334E+01   37.409339    0.999928677426E+00   -0.109091122661E-02    0.105194733749E-02
  11.780000    0.106085703546E+01   37.607272    0.999902123653E+00   -0.149700563349E-02    0.793737601380E-03
  11.842000    0.105735751612E+01   37.805205    0.999889877046E+00   -0.168429667991E-02    0.542773723928E-03
  11.904000    0.105231087554E+01   38.003138    0.999889997480E+00   -0.168198553771E-02    0.322747238746E-03
  11.966000    0.104590940126E+01   38.201071    0.999911588295E+00   -0.135182268762E-02    0.153359082536E-03
  12.028000    0.103838416293E+01   38.399004    0.999963486960E+00   -0.558244279695E-03    0.450239189063E-04
  12.090000    0.102999348190E+01   38.596937    0.100003831575E+01    0.585945301299E-03    0.129135963515E-05
  12.152000    0.102101500571E+01   38.794870    0.100010974998E+01    0.167822028678E-02    0.176655089658E-04
  12.214000    0.101173438964E+01   38.992803    0.100014617016E+01    0.223510347908E-02    0.836790378529E-04
  12.276000    0.100243456044E+01   39.190736    0.100013174505E+01    0.201452973657E-02    0.184961798319E-03
  12.338000    0.993386943996E+00   39.388669    0.100007614256E+01    0.116432824057E-02    0.304241610640E-03
