   127.58626245288731     
   127.26689971633152     
   126.32468831002487     
   124.80482406740011     
   122.77388799389784     
   120.31120255474202     
   117.49913038228593     
   114.41528628580254     
   111.12730990790482     
   107.69056046072063     
   104.14810013945856     
   100.53220601070075     
   96.866525762419556     
   93.168384571765756     
   89.450807508805326     
   85.724131948038789     
   81.997153095690834     
   78.277890982824587     
   74.574060248450593     
   70.893327772639807     
   67.243404540420045     
   63.632064204597143     
   60.067099416778738     
   56.556256981135462     
   53.107153987793652     
   49.727201758592592     
   46.423531254971145     
   43.202934190952035     
   40.071813271205571     
   37.036154079302321     
   34.101507730758470     
   31.272994857824653     
   28.555321589029404     
   25.952817231855974     
   23.469473159050999     
   21.108985791763182     
   18.874786296217550     
   16.770036619952187     
   14.797561339389581     
   12.959705932239782     
   11.258113284263935     
   9.6934581563992950     
   8.2651768381028017     
   6.9712869249589717     
   5.8083852886993528     
   4.7717958556420053     
   3.8558020879560915     
   3.0538955720572436     
   2.3589783319122875     
   1.7635069301502742     
   1.2595903028085165     
  0.83908497147474914     
  0.49371388741916372     
  0.21521447770581861     
  -4.4970720101659744E-003
 -0.17316212784112983     
 -0.29803932409054928     
 -0.38579833552467108     
 -0.44245743913147006     
 -0.47335848246557172     
 -0.48317518146807986     
 -0.47594493640155239     
 -0.45511851224116090     
 -0.42361710919839141     
 -0.38389418595737573     
 -0.33799383381760012     
 -0.28760861873667870     
 -0.23413001939153313     
 -0.17869264685512790     
 -0.12221123566819068     
  -6.5413150857007191E-002
  -8.8644377176171369E-003
   4.7004097237235191E-002
  0.10186856356059734     
  0.15546705494694013     
  0.20752848296977222     
  0.25765782636483958     
  0.30517901008111309     
  0.34895033353781924     
  0.38720873350485407     
  0.41751410784993337     
  0.43688246069776460     
  0.44214413045727691     
  0.43050969348481594     
  0.40020550996469134     
  0.35103636692373685     
  0.28469127986009507     
  0.20467435003579332     
  0.11590043160193095     
   2.4047081231657202E-002
  -6.5169556353653790E-002
 -0.14664805494253760     
 -0.21637014669520299     
 -0.27164404765509009     
 -0.31113030464401276     
 -0.33470296304727398     
 -0.34320809980199674     
 -0.33818420397459120     
 -0.32159073616812617     
 -0.29557670229161354     
 -0.26230136160074663     
 -0.22381051090733742     
 -0.18196063635891763     
 -0.13838234978362207     
  -9.4471224785966701E-002
  -5.1397507897772941E-002
  -1.0125823542272150E-002
   2.8560003735142728E-002
   6.4032057399926304E-002
   9.5794649831355924E-002
  0.12346406848014459     
  0.14675111755375306     
  0.16544732397268572     
  0.17941350219118676     
  0.18857131396470467     
  0.19289698879083197     
  0.19241922652457430     
  0.18722136438168985     
  0.17745037710577699     
  0.16333152167009149     
  0.14518630818893885     
  0.12344494245785909     
   9.8646075128489677E-002
   7.1419331686162560E-002
   4.2459816172606031E-002
   1.2502154995683199E-002
  -1.7691334125965463E-002
  -4.7314395905230650E-002
  -7.5493731058925803E-002
 -0.10128615161153540     
 -0.12371325903607795     
 -0.14183568799638882     
 -0.15485046956083312     
 -0.16218736912520534     
 -0.16357960732154408     
 -0.15909420321093204     
 -0.14911866712910535     
 -0.13431151591050114     
 -0.11552994658272565     
  -9.3749181216890007E-002
  -6.9985831402114063E-002
  -4.5233509314480093E-002
  -2.0414647861239355E-002
   3.6511694669316900E-003
   2.6264246711266214E-002
   4.6850387264898284E-002
   6.4958362766019295E-002
   8.0252412821790936E-002
   9.2502301235695000E-002
  0.10157268063072479     
  0.10741295275981810     
  0.11004821049787955     
  0.10957150252491406     
  0.10613726008307636     
   9.9955596211108708E-002
   9.1286996965557560E-002
   8.0437138642492273E-002
   6.7751248827134153E-002
   5.3607746909532378E-002
   3.8410836267966215E-002
   2.2582062826441113E-002
   6.5509073014892684E-003
  -9.2551862106847477E-003
  -2.4420706130143327E-002
  -3.8550979161055529E-002
  -5.1279769188067544E-002
  -6.2276381569698357E-002
  -7.1254707420864663E-002
  -7.7983862586002220E-002
  -8.2298014435653738E-002
  -8.4103916976916368E-002
  -8.3385639298796679E-002
  -8.0206684739367595E-002
  -7.4709659088968677E-002
  -6.7113141872874954E-002
  -5.7705051717931999E-002
  -4.6831975627905587E-002
  -3.4884519046168599E-002
  -2.2279662600826370E-002
  -9.4416469190994161E-003
   3.2167155417613916E-003
   1.5310563830892446E-002
   2.6496160736879347E-002
   3.6480152413301589E-002
   4.5024992185485412E-002
   5.1951013445098657E-002
   5.7135916134750615E-002
   6.0512435254898564E-002
   6.2064995448661654E-002
   6.1825812928932002E-002
   5.9870843067035814E-002
   5.6315660050461014E-002
   5.1311326966576462E-002
   4.5040106503490718E-002
   3.7710839355111124E-002
   2.9553765332825950E-002
   2.0814901653005619E-002
   1.1749754624501311E-002
   2.6165634960797560E-003
  -6.3307775308659546E-003
  -1.4849795403025482E-002
  -2.2716230822288776E-002
  -2.9730255103134141E-002
  -3.5721810261007507E-002
  -4.0554822093242071E-002
  -4.4130207945326447E-002
  -4.6387623494675519E-002
  -4.7305929147683064E-002
  -4.6902419555642900E-002
  -4.5230842293139645E-002
  -4.2378407030926803E-002
  -3.8461859521301357E-002
  -3.3622865108085202E-002
  -2.8022928759818648E-002
  -2.1838049569803418E-002
  -1.5253236805185425E-002
  -8.4570388952397400E-003
  -1.6362236245896198E-003
   5.0291701784608081E-003
   1.1370262603361105E-002
   1.7233117031140832E-002
   2.2481775764122514E-002
   2.7000547920076411E-002
   3.0695590348582297E-002
   3.3495902594754760E-002
   3.5353835867551170E-002
   3.6245231085404554E-002
   3.6169221382125513E-002
   3.5147842763315972E-002
   3.3225342683029714E-002
   3.0467190860825138E-002
   2.6958678937791348E-002
   2.2803074596303433E-002
   1.8119233890840119E-002
   1.3038648899978248E-002
   7.7019394224149291E-003
   2.2549343589295975E-003
  -3.1555769471910524E-003
  -8.3862195711820152E-003
  -1.3301326426735621E-002
  -1.7776921740778630E-002
  -2.1704182718384080E-002
  -2.4992283177955661E-002
  -2.7570449248952283E-002
  -2.9389167405021736E-002
  -3.0420582672401119E-002
  -3.0658150514376734E-002
  -3.0115614022014358E-002
  -2.8825456444308454E-002
  -2.6836947338751714E-002
  -2.4213978500021115E-002
  -2.1032764780174542E-002
  -1.7379539659369891E-002
  -1.3348316105810762E-002
  -9.0387751194871222E-003
  -4.5542759716648597E-003
