   0.000000    0.000000000000E+00    0.000000    0.447075231653E-02   -0.110459762961E+03    0.100000000000E+31
   0.062000    0.000000000000E+00    0.197933    0.451339219727E-02   -0.151991733573E+02    0.348671425246E+04
   0.124000    0.000000000000E+00    0.395866    0.475174257236E-02   -0.152056303276E+02    0.175852921036E+04
   0.186000    0.000000000000E+00    0.593799    0.524197433338E-02   -0.152011032455E+02    0.117940243044E+04
   0.248000    0.000000000000E+00    0.791732    0.599444282847E-02   -0.151935117748E+02    0.887799321983E+03
   0.310000    0.000000000000E+00    0.989665    0.714351518488E-02   -0.151796344417E+02    0.711375120581E+03
   0.372000    0.000000000000E+00    1.187598    0.885853721263E-02   -0.151569870404E+02    0.592646773536E+03
   0.434000    0.000000000000E+00    1.385531    0.115202839850E-01   -0.151184039409E+02    0.506960976617E+03
   0.496000    0.000000000000E+00    1.583464    0.158420997052E-01   -0.150530779156E+02    0.441969712471E+03
   0.558000    0.000000000000E+00    1.781397    0.232336013450E-01   -0.149394348776E+02    0.390797896055E+03
   0.620000    0.000000000000E+00    1.979330    0.375447905797E-01   -0.147194302582E+02    0.349307562816E+03
   0.682000    0.000000000000E+00    2.177263    0.683392506982E-01   -0.142470610789E+02    0.314856512231E+03
   0.744000    0.000000000000E+00    2.375196    0.141266705817E+00   -0.131308118778E+02    0.285675999014E+03
   0.806000    0.000000000000E+00    2.573129    0.451119147970E+00   -0.839237455994E+01    0.260536747919E+03
   0.868000    0.000000000000E+00    2.771062    0.528455912301E+01    0.654972746124E+02    0.238556521106E+03
   0.930000    0.000000000000E+00    2.968995    0.231824888260E+01    0.201536956203E+02    0.219086615793E+03
   0.992000    0.000000000000E+00    3.166928    0.952996937254E+00   -0.718645545000E+00    0.201640762492E+03
   1.054000    0.000000000000E+00    3.364861    0.567484080018E+00   -0.661327394953E+01    0.185848159029E+03
   1.116000    0.000000000000E+00    3.562794    0.412587706757E+00   -0.898236581762E+01    0.171422812557E+03
   1.178000    0.000000000000E+00    3.760727    0.389590249668E+00   -0.933452038688E+01    0.158140709486E+03
   1.240000    0.000000000000E+00    3.958660    0.406129405623E+00   -0.908169105257E+01    0.145827422609E+03
   1.302000    0.000000000000E+00    4.156593    0.484491930510E+00   -0.788302818790E+01    0.134346631643E+03
   1.364000    0.000000000000E+00    4.354526    0.649602747644E+00   -0.535786040927E+01    0.123590731386E+03
   1.426000    0.000000000000E+00    4.552459    0.903662401362E+00   -0.147297462730E+01    0.113477115260E+03
   1.488000    0.184741111298E-12    4.750392    0.133038871523E+01    0.505118749993E+01    0.103942436967E+03
   1.550000    0.702016222931E-11    4.948325    0.169797583197E+01    0.106703474121E+02    0.949396122157E+02
   1.612000    0.186233251043E-09    5.146258    0.161470072597E+01    0.939730129639E+01    0.864348208578E+02
   1.674000    0.362649643648E-08    5.344191    0.138177987878E+01    0.583663688665E+01    0.784055532301E+02
   1.736000    0.533128670099E-07    5.542124    0.960629932226E+00   -0.601953419480E+00    0.708372872279E+02
   1.798000    0.605316976987E-06    5.740057    0.759253420581E+00   -0.368123952224E+01    0.637182743821E+02
   1.860000    0.542039970952E-05    5.937990    0.709712233683E+00   -0.443893663380E+01    0.570368708304E+02
   1.922000    0.390165937745E-04    6.135923    0.696873491713E+00   -0.463534227169E+01    0.507816090497E+02
   1.984000    0.229602963373E-03    6.333856    0.745817356279E+00   -0.388686264727E+01    0.449414665095E+02
   2.046000    0.112138522283E-02    6.531789    0.825744328000E+00   -0.266455557422E+01    0.395057443720E+02
   2.108000    0.460687220042E-02    6.729722    0.964584224894E+00   -0.541513034937E+00    0.344640130521E+02
   2.170000    0.161070697072E-01    6.927655    0.112300242990E+01    0.188062975801E+01    0.298064509160E+02
   2.232000    0.484330823791E-01    7.125588    0.122916035854E+01    0.350357644859E+01    0.255235975556E+02
   2.294000    0.126436762670E+00    7.323521    0.126064024105E+01    0.398484014020E+01    0.216064995349E+02
   2.356000    0.289002380732E+00    7.521454    0.116376762245E+01    0.250384812996E+01    0.180466990202E+02
   2.418000    0.582700860092E+00    7.719387    0.103668637672E+01    0.560923246220E+00    0.148364462413E+02
   2.480000    0.104289233294E+01    7.917320    0.955027561032E+00   -0.687639298615E+00    0.119685073876E+02
   2.542000    0.166464089317E+01    8.115253    0.898419622330E+00   -0.155325307833E+01    0.943626674034E+01
   2.604000    0.237597822264E+01    8.313186    0.881742595553E+00   -0.180830754057E+01    0.723362655443E+01
   2.666000    0.341704356653E+01    8.511119    0.882331721452E+00   -0.179930710765E+01    0.523575336093E+01
   2.728000    0.388956382212E+01    8.709052    0.907577869447E+00   -0.141324693212E+01    0.367624928622E+01
   2.790000    0.397110059288E+01    8.906985    0.963980060921E+00   -0.550778524971E+00    0.242019262153E+01
   2.852000    0.366727833006E+01    9.104918    0.102066191289E+01    0.315929799749E+00    0.144773538369E+01
   2.914000    0.308944206469E+01    9.302851    0.107804396724E+01    0.119329538114E+01    0.737866062391E+00
   2.976000    0.239464930456E+01    9.500784    0.109788841847E+01    0.149669789299E+01    0.268572226770E+00
   3.038000    0.171890629801E+01    9.698718    0.107387132308E+01    0.112948853925E+01    0.191319662395E-01
   3.100000    0.114798322988E+01    9.896651    0.103989239077E+01    0.609963464915E+00   -0.300621252777E-01
   3.162000    0.716000686443E+00   10.094584    0.997300282141E+00   -0.412792009887E-01    0.101785133225E+00
   3.224000    0.420869784495E+00   10.292517    0.975479343482E+00   -0.374933807939E+00    0.389855077268E+00
   3.286000    0.242044134654E+00   10.490450    0.964208354369E+00   -0.547276871069E+00    0.781253889271E+00
   3.348000    0.152397344783E+00   10.688383    0.953555713426E+00   -0.710167203967E+00    0.114878485884E+01
   3.410000    0.126258268326E+00   10.886316    0.958433146136E+00   -0.635590460825E+00    0.129492291352E+01
   3.472000    0.141818201977E+00   11.084249    0.968390527158E+00   -0.483333464174E+00    0.117757628561E+01
   3.534000    0.182600179026E+00   11.282182    0.992074314884E+00   -0.121190063818E+00    0.954076240303E+00
   3.596000    0.236706778793E+00   11.480115    0.102047535769E+01    0.313075853016E+00    0.745385620699E+00
   3.658000    0.296345228648E+00   11.678048    0.103276771844E+01    0.501026271191E+00    0.585965210486E+00
   3.720000    0.356798422124E+00   11.875981    0.103713084148E+01    0.567737734089E+00    0.474435539471E+00
   3.782000    0.415610573811E+00   12.073914    0.102290095511E+01    0.350160180307E+00    0.400537937832E+00
   3.844000    0.471928290523E+00   12.271847    0.100602728629E+01    0.921568476388E-01    0.353544960661E+00
   3.906000    0.525799102872E+00   12.469780    0.997720832160E+00   -0.348522168880E-01    0.324703521496E+00
   3.968000    0.577901734577E+00   12.667713    0.988730426731E+00   -0.172317690094E+00    0.307091447555E+00
   4.030000    0.629057706966E+00   12.865646    0.987274697996E+00   -0.194576406203E+00    0.295766716742E+00
   4.092000    0.680207293585E+00   13.063579    0.983771649914E+00   -0.248140228836E+00    0.287083079290E+00
   4.154000    0.732103446346E+00   13.261512    0.981838246496E+00   -0.277703159704E+00    0.278703450805E+00
   4.216000    0.785389277801E+00   13.459445    0.990328615536E+00   -0.147879672708E+00    0.269080237195E+00
   4.278000    0.840434139078E+00   13.657378    0.998147015529E+00   -0.283314507410E-01    0.257449268050E+00
   4.340000    0.897409670594E+00   13.855311    0.101013153423E+01    0.154917675571E+00    0.243515464260E+00
   4.402000    0.956265763323E+00   14.053244    0.101615865749E+01    0.247074372610E+00    0.227386231713E+00
   4.464000    0.101672771783E+01   14.251177    0.101222332610E+01    0.186901248258E+00    0.209463935882E+00
   4.526000    0.107843985107E+01   14.449110    0.100863291930E+01    0.132002154311E+00    0.190272380097E+00
   4.588000    0.114079717652E+01   14.647043    0.100054980657E+01    0.840731027958E-02    0.170560526428E+00
   4.650000    0.120328691657E+01   14.844976    0.997369974110E+00   -0.402142246048E-01    0.150974114559E+00
   4.712000    0.126499119961E+01   15.042909    0.997151925332E+00   -0.435486046590E-01    0.132408310224E+00
   4.774000    0.132518715819E+01   15.240842    0.993462382437E+00   -0.999640040587E-01    0.115432050028E+00
   4.836000    0.138222902931E+01   15.438775    0.993893814698E+00   -0.933672208291E-01    0.100986159784E+00
   4.898000    0.143458113275E+01   15.636708    0.992444951695E+00   -0.115521260049E+00    0.894043080828E-01
   4.960000    0.147870690300E+01   15.834641    0.994668744730E+00   -0.815177889039E-01    0.816554496781E-01
   5.022000    0.151121710761E+01   16.032574    0.100122322395E+01    0.187039289126E-01    0.776553000478E-01
   5.084000    0.152545317659E+01   16.230507    0.100396935426E+01    0.606936190765E-01    0.785142491034E-01
   5.146000    0.151677751819E+01   16.428440    0.100774470648E+01    0.118420638497E+00    0.834045668961E-01
   5.208000    0.147805311522E+01   16.626373    0.100624268133E+01    0.954539455764E-01    0.933415025427E-01
   5.270000    0.144054295134E+01   16.824306    0.100228878737E+01    0.349969460126E-01    0.842159233908E-01
   5.332000    0.141256125091E+01   17.022239    0.100133980258E+01    0.204864405608E-01    0.472491079795E-01
   5.394000    0.136040059717E+01   17.220172    0.998102236342E+00   -0.290176887921E-01    0.582227725139E-02
   5.456000    0.126876594033E+01   17.418105    0.998410095594E+00   -0.243103483621E-01   -0.235776608486E-01
   5.518000    0.113837130339E+01   17.616038    0.997828394302E+00   -0.332050367944E-01   -0.289422695516E-01
   5.580000    0.986759926981E+00   17.813971    0.995591375156E+00   -0.674104819815E-01   -0.664463628093E-02
   5.642000    0.837509464666E+00   18.011904    0.997014030622E+00   -0.456574665474E-01    0.389206420745E-01
   5.704000    0.709692355935E+00   18.209837    0.996977171803E+00   -0.462211644131E-01    0.970492782939E-01
   5.766000    0.614769008490E+00   18.407770    0.999928393648E+00   -0.109550220423E-02    0.151287298893E+00
   5.828000    0.554347181100E+00   18.605703    0.100323112181E+01    0.494048941278E-01    0.188283312308E+00
   5.890000    0.525899170738E+00   18.803636    0.100305050927E+01    0.466432484728E-01    0.199438400350E+00
   5.952000    0.523091534778E+00   19.001569    0.100408749963E+01    0.624999829032E-01    0.187751127708E+00
   6.014000    0.540337513233E+00   19.199502    0.100169782249E+01    0.259607368938E-01    0.160353286000E+00
   6.076000    0.571597416978E+00   19.397435    0.100008128425E+01    0.124312847771E-02    0.127578501555E+00
   6.138000    0.612586205679E+00   19.595368    0.100016289496E+01    0.249108014364E-02    0.959934481077E-01
   6.200000    0.659308805528E+00   19.793301    0.998224561444E+00   -0.271470100001E-01    0.701521200595E-01
   6.262000    0.709192838686E+00   19.991234    0.998808532321E+00   -0.182177975058E-01    0.510567802999E-01
   6.324000    0.760096845894E+00   20.189167    0.997820626487E+00   -0.333234513699E-01    0.385760428736E-01
   6.386000    0.810834851245E+00   20.387100    0.997105727024E+00   -0.442547010473E-01    0.313070436166E-01
   6.448000    0.860611083014E+00   20.585033    0.998999956496E+00   -0.152908373099E-01    0.277701438837E-01
   6.510000    0.909091045851E+00   20.782966    0.999258835335E+00   -0.113324829562E-01    0.264373543939E-01
   6.572000    0.956148806597E+00   20.980899    0.100168408133E+01    0.257506928232E-01    0.260325182946E-01
   6.634000    0.100166495530E+01   21.178832    0.100267926194E+01    0.409674212057E-01    0.256419434636E-01
   6.696000    0.104554199405E+01   21.376765    0.100177715580E+01    0.271736627215E-01    0.245759677375E-01
   6.758000    0.108739814004E+01   21.574698    0.100213741552E+01    0.326821534495E-01    0.225580381314E-01
   6.820000    0.112681173055E+01   21.772631    0.100013534345E+01    0.206945764606E-02    0.194050817472E-01
   6.882000    0.116301761899E+01   21.970564    0.999758632417E+00   -0.369061279591E-02    0.152702764248E-01
   6.944000    0.119531187604E+01   22.168497    0.999658824293E+00   -0.521648327038E-02    0.102726376796E-01
   7.006000    0.122277615465E+01   22.366430    0.998221378290E+00   -0.271956692991E-01    0.476535390636E-02
   7.068000    0.124470387257E+01   22.564363    0.998897664116E+00   -0.168550065967E-01   -0.102083653335E-02
   7.130000    0.126031243077E+01   22.762296    0.998066017533E+00   -0.295711239610E-01   -0.670679520456E-02
   7.192000    0.126915868599E+01   22.960229    0.998530971692E+00   -0.224615651232E-01   -0.120777949791E-01
   7.254000    0.127079419873E+01   23.158162    0.100020986441E+01    0.320954951948E-02   -0.168283361866E-01
   7.316000    0.126514865889E+01   23.356095    0.100036529445E+01    0.558607372238E-02   -0.208196649970E-01
   7.378000    0.125225186258E+01   23.554028    0.100205499189E+01    0.314221552634E-01   -0.238537067149E-01
   7.440000    0.123249216467E+01   23.751961    0.100178778349E+01    0.273361893073E-01   -0.258726806819E-01
   7.502000    0.120637293412E+01   23.949894    0.100098292018E+01    0.150289839873E-01   -0.267721401006E-01
   7.564000    0.117469187396E+01   24.147827    0.100108777487E+01    0.166317915692E-01   -0.265423965486E-01
   7.626000    0.113835565125E+01   24.345760    0.999475626002E+00   -0.801929908049E-02   -0.251269117711E-01
   7.688000    0.109846106660E+01   24.543693    0.999632807664E+00   -0.561634871953E-02   -0.225030439558E-01
   7.750000    0.105614363183E+01   24.741626    0.999186680283E+00   -0.124382320927E-01   -0.185887782008E-01
   7.812000    0.101254112023E+01   24.939559    0.998328211923E+00   -0.255648308252E-01   -0.132565213566E-01
   7.874000    0.968697775972E+00   25.137492    0.999118530764E+00   -0.134804343992E-01   -0.630049297222E-02
   7.936000    0.925584918211E+00   25.335425    0.998634942171E+00   -0.208724497940E-01    0.246464998361E-02
   7.998000    0.884343653346E+00   25.533358    0.999727578807E+00   -0.416518837628E-02    0.128268660268E-01
   8.060000    0.846336705463E+00   25.731291    0.100086203766E+01    0.131815002830E-01    0.240937352127E-01
   8.122000    0.813241723370E+00   25.929224    0.100082914904E+01    0.126787943801E-01    0.349976419238E-01
   8.184000    0.786657867255E+00   26.127157    0.100186528557E+01    0.285219539649E-01    0.441901539314E-01
   8.246000    0.767987603565E+00   26.325090    0.100096558101E+01    0.147650298971E-01    0.504427867908E-01
   8.308000    0.757994233120E+00   26.523023    0.100048546780E+01    0.742381121633E-02    0.532631292726E-01
   8.370000    0.756904548754E+00   26.720956    0.100036632314E+01    0.560193008074E-02    0.527703520340E-01
   8.432000    0.764258127862E+00   26.918889    0.999132974021E+00   -0.132566569163E-01    0.498199402379E-01
   8.494000    0.779220671594E+00   27.116822    0.999502423819E+00   -0.760773159320E-02    0.454522644431E-01
   8.556000    0.800589862461E+00   27.314755    0.998902036523E+00   -0.167881399591E-01    0.407657873059E-01
   8.618000    0.827076794889E+00   27.512688    0.998663160146E+00   -0.204408407206E-01    0.365042786557E-01
   8.680000    0.857333351390E+00   27.710621    0.999512237217E+00   -0.745812451810E-02    0.330878693539E-01
   8.742000    0.890115065037E+00   27.908554    0.999320444515E+00   -0.103908319648E-01    0.305434925174E-01
   8.804000    0.924305675835E+00   28.106487    0.100059122566E+01    0.904011712315E-02    0.286499187643E-01
   8.866000    0.958954044845E+00   28.304420    0.100106993863E+01    0.163598291947E-01    0.270388547654E-01
   8.928000    0.993287596950E+00   28.502353    0.100091201303E+01    0.139452067934E-01    0.252939922160E-01
   8.990000    0.102664054034E+01   28.700287    0.100140852193E+01    0.215371126150E-01    0.230728954778E-01
   9.052000    0.105846683449E+01   28.898220    0.100030063503E+01    0.459695187682E-02    0.201075732014E-01
   9.114000    0.108821062379E+01   29.096153    0.100013630000E+01    0.208421923147E-02    0.162984774929E-01
   9.176000    0.111534884304E+01   29.294086    0.999828604710E+00   -0.262058101593E-02    0.116386390718E-01
   9.238000    0.113926257130E+01   29.492019    0.998974356319E+00   -0.156824976575E-01    0.628048679859E-02
   9.300000    0.115933290149E+01   29.689952    0.999438822078E+00   -0.858059176757E-02    0.423804893860E-03
   9.362000    0.117485661774E+01   29.887885    0.998874155167E+00   -0.172146815823E-01   -0.563326398932E-02
   9.424000    0.118520316286E+01   30.085818    0.999192081359E+00   -0.123533768915E-01   -0.116077870339E-01
   9.486000    0.118979466564E+01   30.283751    0.999957738377E+00   -0.646132366634E-03   -0.171875404869E-01
   9.548000    0.118830415403E+01   30.481684    0.999944304603E+00   -0.851619084084E-03   -0.221235473765E-01
   9.610000    0.118066152185E+01   30.679617    0.100106074939E+01    0.162193075901E-01   -0.261889342831E-01
   9.672000    0.116720071705E+01   30.877550    0.100096009697E+01    0.146801940290E-01   -0.292389843897E-01
   9.734000    0.114856554929E+01   31.075483    0.100076592719E+01    0.117111614532E-01   -0.311748175761E-01
   9.796000    0.112576316768E+01   31.273416    0.100086772961E+01    0.132677380203E-01   -0.319707906447E-01
   9.858000    0.109991414961E+01   31.471349    0.999807009196E+00   -0.295123596214E-02   -0.316481703821E-01
   9.920000    0.107208080496E+01   31.669282    0.999887029726E+00   -0.172734493010E-02   -0.302752283907E-01
   9.982000    0.104330283003E+01   31.867215    0.999441406663E+00   -0.854112423852E-02   -0.279564823234E-01
  10.044000    0.101450459400E+01   32.065148    0.998988374097E+00   -0.154682142464E-01   -0.248142268852E-01
  10.106000    0.986520752039E+00   32.263081    0.999486163029E+00   -0.785673636426E-02   -0.209957162107E-01
  10.168000    0.960050200101E+00   32.461014    0.999089634178E+00   -0.139198567769E-01   -0.166435139704E-01
  10.230000    0.935702469589E+00   32.658947    0.999785480886E+00   -0.327999615776E-02   -0.119189448126E-01
  10.292000    0.913958054416E+00   32.856880    0.100033388368E+01    0.510535731085E-02   -0.696534533638E-02
  10.354000    0.895221715637E+00   33.054813    0.100038065846E+01    0.582055095942E-02   -0.194244594716E-02
  10.416000    0.879786970379E+00   33.252746    0.100117293057E+01    0.179348580704E-01    0.301523677579E-02
  10.478000    0.867893529814E+00   33.450679    0.100065936110E+01    0.100820987202E-01    0.776013676943E-02
  10.540000    0.859693493831E+00   33.648612    0.100052010697E+01    0.795279894022E-02    0.121772401144E-01
  10.602000    0.855293129541E+00   33.846545    0.100034494036E+01    0.527437580276E-02    0.161518692155E-01
  10.664000    0.854703543977E+00   34.044478    0.999485454486E+00   -0.786764887775E-02    0.196192762260E-01
  10.726000    0.857870079414E+00   34.242411    0.999713203993E+00   -0.438527824537E-02    0.225353104379E-01
  10.788000    0.864638580715E+00   34.440344    0.999221766405E+00   -0.118996262603E-01    0.249087424364E-01
  10.850000    0.874791786340E+00   34.638277    0.999161842337E+00   -0.128158967905E-01    0.267626805506E-01
  10.912000    0.888033500455E+00   34.836210    0.999651820920E+00   -0.532373752972E-02    0.281416598863E-01
  10.974000    0.904016283926E+00   35.034143    0.999456545633E+00   -0.830956118359E-02    0.290755651937E-01
  11.036000    0.922331403486E+00   35.232076    0.100031368468E+01    0.479651700390E-02    0.295770664422E-01
  11.098000    0.942521927411E+00   35.430009    0.100055161892E+01    0.843470002519E-02    0.296291077489E-01
  11.160000    0.964083510587E+00   35.627942    0.100059686292E+01    0.912655765558E-02    0.291878875382E-01
  11.222000    0.986472108318E+00   35.825875    0.100101362720E+01    0.154991039123E-01    0.281984517838E-01
  11.284000    0.100912056331E+01   36.023808    0.100029354777E+01    0.448871684350E-02    0.266005811329E-01
  11.346000    0.103144157951E+01   36.221741    0.100025275737E+01    0.386496443138E-02    0.243594072125E-01
  11.408000    0.105285357782E+01   36.419674    0.999903762911E+00   -0.147134030249E-02    0.214622404208E-01
  11.470000    0.107277615860E+01   36.617607    0.999318238864E+00   -0.104244124160E-01    0.179473806254E-01
  11.532000    0.109065883010E+01   36.815540    0.999621510523E+00   -0.578736005329E-02    0.138865776599E-01
  11.594000    0.110597576703E+01   37.013473    0.999177997620E+00   -0.125690556029E-01    0.940243586337E-02
  11.656000    0.111825996774E+01   37.211406    0.999466221892E+00   -0.816210175475E-02    0.463945555105E-02
  11.718000    0.112710603507E+01   37.409339    0.999888575856E+00   -0.170422886547E-02   -0.228744644887E-03
  11.780000    0.113220957114E+01   37.607272    0.999865533914E+00   -0.205664014121E-02   -0.503128032379E-02
  11.842000    0.113337716692E+01   37.805205    0.100067464397E+01    0.103150278663E-01   -0.959751391441E-02
  11.904000    0.113055884293E+01   38.003138    0.100059071727E+01    0.903238785688E-02   -0.137821571136E-01
  11.966000    0.112385359522E+01   38.201071    0.100061565679E+01    0.941376337732E-02   -0.174625927203E-01
  12.028000    0.111351832967E+01   38.399004    0.100069454581E+01    0.106200437959E-01   -0.205512726121E-01
  12.090000    0.109995712866E+01   38.596937    0.999949051858E+00   -0.778918091198E-03   -0.229910952520E-01
  12.152000    0.108369951451E+01   38.794870    0.100001392678E+01    0.213066515086E-03   -0.247551454169E-01
  12.214000    0.106537301887E+01   38.992803    0.999575418000E+00   -0.649196087878E-02   -0.258418835187E-01
  12.276000    0.104565877205E+01   39.190736    0.999294563246E+00   -0.107863836276E-01   -0.262666738511E-01
  12.338000    0.102525954980E+01   39.388669    0.999618070080E+00   -0.583980722934E-02   -0.260606707361E-01
