    1         0.348357E+08        0.348357E+08        0.348357E+08
    2         0.275243E+08        0.275243E+08        0.275243E+08
    3         0.217475E+08        0.217475E+08        0.217475E+08
    4         0.171833E+08        0.171833E+08        0.171833E+08
    5         0.135770E+08        0.135770E+08        0.135770E+08
    6         0.107273E+08        0.107273E+08        0.107273E+08
    7         0.847536E+07        0.847536E+07        0.847536E+07
    8         0.669553E+07        0.669553E+07        0.669553E+07
    9         0.528870E+07        0.528870E+07        0.528870E+07
   10         0.417665E+07        0.417665E+07        0.417665E+07
   11         0.329763E+07        0.329763E+07        0.329763E+07
   12         0.260291E+07        0.260291E+07        0.260291E+07
   13         0.205398E+07        0.205398E+07        0.205398E+07
   14         0.162038E+07        0.162038E+07        0.162038E+07
   15         0.127797E+07        0.127797E+07        0.127797E+07
   16         0.100763E+07        0.100763E+07        0.100763E+07
   17         0.794196E+06        0.794196E+06        0.794196E+06
   18         0.625672E+06        0.625672E+06        0.625672E+06
   19         0.492569E+06        0.492569E+06        0.492569E+06
   20         0.387397E+06        0.387397E+06        0.387397E+06
   21         0.304259E+06        0.304259E+06        0.304259E+06
   22         0.238516E+06        0.238516E+06        0.238516E+06
   23         0.186522E+06        0.186522E+06        0.186522E+06
   24         0.145411E+06        0.145411E+06        0.145411E+06
   25         0.112929E+06        0.112929E+06        0.112929E+06
   26         0.872980E+05        0.872980E+05        0.872980E+05
   27         0.671102E+05        0.671102E+05        0.671102E+05
   28         0.512503E+05        0.512503E+05        0.512503E+05
   29         0.388301E+05        0.388301E+05        0.388301E+05
   30         0.291409E+05        0.291409E+05        0.291409E+05
   31         0.216160E+05        0.216160E+05        0.216160E+05
   32         0.158019E+05        0.158019E+05        0.158019E+05
   33         0.113357E+05        0.113357E+05        0.113357E+05
   34         0.792755E+04        0.792755E+04        0.792755E+04
   35         0.534612E+04        0.534612E+04        0.534612E+04
   36         0.340761E+04        0.340761E+04        0.340761E+04
   37         0.196647E+04        0.196647E+04        0.196647E+04
   38         0.907956E+03        0.907956E+03        0.907956E+03
   39         0.142049E+03        0.142049E+03        0.142049E+03
   40        -0.401484E+03       -0.401484E+03       -0.401484E+03
   41        -0.777145E+03       -0.777145E+03       -0.777145E+03
   42        -0.102698E+04       -0.102698E+04       -0.102698E+04
   43        -0.118326E+04       -0.118326E+04       -0.118326E+04
   44        -0.127057E+04       -0.127057E+04       -0.127057E+04
   45        -0.130756E+04       -0.130756E+04       -0.130756E+04
   46        -0.130828E+04       -0.130828E+04       -0.130828E+04
   47        -0.128325E+04       -0.128325E+04       -0.128325E+04
   48        -0.124031E+04       -0.124031E+04       -0.124031E+04
   49        -0.118527E+04       -0.118527E+04       -0.118527E+04
   50        -0.112239E+04       -0.112239E+04       -0.112239E+04
   51        -0.105480E+04       -0.105480E+04       -0.105480E+04
   52        -0.984777E+03       -0.984777E+03       -0.984777E+03
   53        -0.913979E+03       -0.913979E+03       -0.913979E+03
   54        -0.843598E+03       -0.843598E+03       -0.843598E+03
   55        -0.774494E+03       -0.774494E+03       -0.774494E+03
   56        -0.707287E+03       -0.707287E+03       -0.707287E+03
   57        -0.642420E+03       -0.642420E+03       -0.642420E+03
   58        -0.580215E+03       -0.580215E+03       -0.580215E+03
   59        -0.520898E+03       -0.520898E+03       -0.520898E+03
   60        -0.464633E+03       -0.464633E+03       -0.464633E+03
   61        -0.411536E+03       -0.411536E+03       -0.411536E+03
   62        -0.361685E+03       -0.361685E+03       -0.361685E+03
   63        -0.315134E+03       -0.315134E+03       -0.315134E+03
   64        -0.271910E+03       -0.271910E+03       -0.271910E+03
   65        -0.232026E+03       -0.232026E+03       -0.232026E+03
   66        -0.195477E+03       -0.195477E+03       -0.195477E+03
   67        -0.162246E+03       -0.162246E+03       -0.162246E+03
   68        -0.132302E+03       -0.132302E+03       -0.132302E+03
   69        -0.105604E+03       -0.105604E+03       -0.105604E+03
   70        -0.820992E+02       -0.820992E+02       -0.820992E+02
   71        -0.617265E+02       -0.617265E+02       -0.617265E+02
   72        -0.444154E+02       -0.444154E+02       -0.444154E+02
   73        -0.300878E+02       -0.300878E+02       -0.300878E+02
   74        -0.186589E+02       -0.186589E+02       -0.186589E+02
   75        -0.100375E+02       -0.100375E+02       -0.100375E+02
   76        -0.412755E+01       -0.412755E+01       -0.412755E+01
   77        -0.828898E+00       -0.828898E+00       -0.828898E+00
   78         0.000000E+00        0.000000E+00        0.000000E+00
   79         0.000000E+00        0.000000E+00        0.000000E+00
   80         0.000000E+00        0.000000E+00        0.000000E+00
   81         0.000000E+00        0.000000E+00        0.000000E+00
   82         0.000000E+00        0.000000E+00        0.000000E+00
   83         0.000000E+00        0.000000E+00        0.000000E+00
   84         0.000000E+00        0.000000E+00        0.000000E+00
   85         0.000000E+00        0.000000E+00        0.000000E+00
   86         0.000000E+00        0.000000E+00        0.000000E+00
   87         0.000000E+00        0.000000E+00        0.000000E+00
   88         0.000000E+00        0.000000E+00        0.000000E+00
   89         0.000000E+00        0.000000E+00        0.000000E+00
   90         0.000000E+00        0.000000E+00        0.000000E+00
   91         0.000000E+00        0.000000E+00        0.000000E+00
   92         0.000000E+00        0.000000E+00        0.000000E+00
   93         0.000000E+00        0.000000E+00        0.000000E+00
   94         0.000000E+00        0.000000E+00        0.000000E+00
   95         0.000000E+00        0.000000E+00        0.000000E+00
   96         0.000000E+00        0.000000E+00        0.000000E+00
   97         0.000000E+00        0.000000E+00        0.000000E+00
   98         0.000000E+00        0.000000E+00        0.000000E+00
   99         0.000000E+00        0.000000E+00        0.000000E+00
  100         0.000000E+00        0.000000E+00        0.000000E+00
  101         0.000000E+00        0.000000E+00        0.000000E+00
  102         0.000000E+00        0.000000E+00        0.000000E+00
  103         0.000000E+00        0.000000E+00        0.000000E+00
  104         0.000000E+00        0.000000E+00        0.000000E+00
  105         0.000000E+00        0.000000E+00        0.000000E+00
  106         0.000000E+00        0.000000E+00        0.000000E+00
  107         0.000000E+00        0.000000E+00        0.000000E+00
  108         0.000000E+00        0.000000E+00        0.000000E+00
  109         0.000000E+00        0.000000E+00        0.000000E+00
  110         0.000000E+00        0.000000E+00        0.000000E+00
  111         0.000000E+00        0.000000E+00        0.000000E+00
  112         0.000000E+00        0.000000E+00        0.000000E+00
  113         0.000000E+00        0.000000E+00        0.000000E+00
  114         0.000000E+00        0.000000E+00        0.000000E+00
  115         0.000000E+00        0.000000E+00        0.000000E+00
  116         0.000000E+00        0.000000E+00        0.000000E+00
  117         0.000000E+00        0.000000E+00        0.000000E+00
  118         0.000000E+00        0.000000E+00        0.000000E+00
  119         0.000000E+00        0.000000E+00        0.000000E+00
  120         0.000000E+00        0.000000E+00        0.000000E+00
  121         0.000000E+00        0.000000E+00        0.000000E+00
  122         0.000000E+00        0.000000E+00        0.000000E+00
  123         0.000000E+00        0.000000E+00        0.000000E+00
  124         0.000000E+00        0.000000E+00        0.000000E+00
  125         0.000000E+00        0.000000E+00        0.000000E+00
  126         0.000000E+00        0.000000E+00        0.000000E+00
  127         0.000000E+00        0.000000E+00        0.000000E+00
  128         0.000000E+00        0.000000E+00        0.000000E+00
  129         0.000000E+00        0.000000E+00        0.000000E+00
  130         0.000000E+00        0.000000E+00        0.000000E+00
  131         0.000000E+00        0.000000E+00        0.000000E+00
  132         0.000000E+00        0.000000E+00        0.000000E+00
  133         0.000000E+00        0.000000E+00        0.000000E+00
  134         0.000000E+00        0.000000E+00        0.000000E+00
  135         0.000000E+00        0.000000E+00        0.000000E+00
  136         0.000000E+00        0.000000E+00        0.000000E+00
  137         0.000000E+00        0.000000E+00        0.000000E+00
  138         0.000000E+00        0.000000E+00        0.000000E+00
  139         0.000000E+00        0.000000E+00        0.000000E+00
  140         0.000000E+00        0.000000E+00        0.000000E+00
  141         0.000000E+00        0.000000E+00        0.000000E+00
  142         0.000000E+00        0.000000E+00        0.000000E+00
  143         0.000000E+00        0.000000E+00        0.000000E+00
  144         0.000000E+00        0.000000E+00        0.000000E+00
  145         0.000000E+00        0.000000E+00        0.000000E+00
  146         0.000000E+00        0.000000E+00        0.000000E+00
  147         0.000000E+00        0.000000E+00        0.000000E+00
  148         0.000000E+00        0.000000E+00        0.000000E+00
  149         0.000000E+00        0.000000E+00        0.000000E+00
  150         0.000000E+00        0.000000E+00        0.000000E+00
  151         0.000000E+00        0.000000E+00        0.000000E+00
  152         0.000000E+00        0.000000E+00        0.000000E+00
  153         0.000000E+00        0.000000E+00        0.000000E+00
  154         0.000000E+00        0.000000E+00        0.000000E+00
  155         0.000000E+00        0.000000E+00        0.000000E+00
  156         0.000000E+00        0.000000E+00        0.000000E+00
  157         0.000000E+00        0.000000E+00        0.000000E+00
  158         0.000000E+00        0.000000E+00        0.000000E+00
  159         0.000000E+00        0.000000E+00        0.000000E+00
  160         0.000000E+00        0.000000E+00        0.000000E+00
  161         0.000000E+00        0.000000E+00        0.000000E+00
  162         0.000000E+00        0.000000E+00        0.000000E+00
  163         0.000000E+00        0.000000E+00        0.000000E+00
  164         0.000000E+00        0.000000E+00        0.000000E+00
  165         0.000000E+00        0.000000E+00        0.000000E+00
  166         0.000000E+00        0.000000E+00        0.000000E+00
  167         0.000000E+00        0.000000E+00        0.000000E+00
  168         0.000000E+00        0.000000E+00        0.000000E+00
  169         0.000000E+00        0.000000E+00        0.000000E+00
  170         0.000000E+00        0.000000E+00        0.000000E+00
  171         0.000000E+00        0.000000E+00        0.000000E+00
  172         0.000000E+00        0.000000E+00        0.000000E+00
  173         0.000000E+00        0.000000E+00        0.000000E+00
  174         0.000000E+00        0.000000E+00        0.000000E+00
  175         0.000000E+00        0.000000E+00        0.000000E+00
  176         0.000000E+00        0.000000E+00        0.000000E+00
  177         0.000000E+00        0.000000E+00        0.000000E+00
  178         0.000000E+00        0.000000E+00        0.000000E+00
  179         0.000000E+00        0.000000E+00        0.000000E+00
  180         0.000000E+00        0.000000E+00        0.000000E+00
  181         0.000000E+00        0.000000E+00        0.000000E+00
  182         0.000000E+00        0.000000E+00        0.000000E+00
  183         0.000000E+00        0.000000E+00        0.000000E+00
  184         0.000000E+00        0.000000E+00        0.000000E+00
  185         0.000000E+00        0.000000E+00        0.000000E+00
  186         0.000000E+00        0.000000E+00        0.000000E+00
  187         0.000000E+00        0.000000E+00        0.000000E+00
  188         0.000000E+00        0.000000E+00        0.000000E+00
  189         0.000000E+00        0.000000E+00        0.000000E+00
  190         0.000000E+00        0.000000E+00        0.000000E+00
  191         0.000000E+00        0.000000E+00        0.000000E+00
  192         0.000000E+00        0.000000E+00        0.000000E+00
  193         0.000000E+00        0.000000E+00        0.000000E+00
  194         0.000000E+00        0.000000E+00        0.000000E+00
  195         0.000000E+00        0.000000E+00        0.000000E+00
  196         0.000000E+00        0.000000E+00        0.000000E+00
  197         0.000000E+00        0.000000E+00        0.000000E+00
  198         0.000000E+00        0.000000E+00        0.000000E+00
  199         0.000000E+00        0.000000E+00        0.000000E+00
  200         0.000000E+00        0.000000E+00        0.000000E+00
