   59.482912979044755     
   59.274080261974603     
   58.663239866758666     
   57.693920546000484     
   56.427185538417717     
   54.929723296783713     
   53.263875239479034     
   51.481750744149423     
   49.623376391813444     
   47.717616959376542     
   45.784430376508666     
   43.837359653830305     
   41.885686091825981     
   39.936063431569217     
   37.993643253109880     
   36.062789209774884     
   34.147495916853728     
   32.251610871807557     
   30.378939899538079     
   28.533278556201736     
   26.718402714612164     
   24.938043978393175     
   23.195858833213865     
   21.495398517171473     
   19.840083365103951     
   18.233184584641918     
   16.677812394162260     
   15.176911180517134     
   13.733262266852741     
   12.349492450481931     
   11.028085436823504     
   9.7713935231661360     
   8.5816436621933718     
   7.4609308494828728     
   6.4111826328455486     
   5.4340856541108051     
   4.5309699646368795     
   3.7026555181939833     
   2.9492931192247842     
   2.2702502596303153     
   1.6640865134503386     
   1.1286241961685652     
  0.66107347804907246     
  0.25815754373133193     
  -8.3793065320834414E-002
 -0.36877872961551927     
 -0.60107986844048900     
 -0.78519576458143325     
 -0.92576330207975055     
  -1.0274593330487252     
  -1.0948992798579600     
  -1.1325426656793036     
  -1.1446139122019021     
  -1.1350443123460918     
  -1.1074351368226998     
  -1.0650393947579722     
  -1.0107588692050640     
 -0.94715253630440066     
 -0.87645345144290587     
 -0.80059054859599987     
 -0.72121328149926611     
 -0.63971738748124707     
 -0.55727058772156712     
 -0.47483701990575550     
 -0.39320001148346845     
 -0.31298237248088190     
 -0.23466483784984007     
 -0.15860277096158629     
  -8.5044890030965783E-002
  -1.4167743069220421E-002
   5.3842844511560600E-002
  0.11861935206302147     
  0.17933475150912789     
  0.23439841255599214     
  0.28131147404175905     
  0.31687579974808228     
  0.33780391168446589     
  0.34155461031122764     
  0.32708000173037344     
  0.29520604665209815     
  0.24854168728440226     
  0.19100152636602516     
  0.12713808864402279     
   6.1486274428540072E-002
  -1.9408635901676935E-003
  -5.9950748162468773E-002
 -0.11027678164211382     
 -0.15153983950900957     
 -0.18312390981826507     
 -0.20501590414283499     
 -0.21764486032679606     
 -0.22174023161539844     
 -0.21821759252207837     
 -0.20809236974964657     
 -0.19241824607148417     
 -0.17224507288305840     
 -0.14859135549189717     
 -0.12242681350858144     
  -9.4661783041274622E-002
  -6.6140803308990109E-002
  -3.7638852523872224E-002
  -9.8591594955282549E-003
   1.6567923181164741E-002
   4.1085246838096147E-002
   6.3208425156114217E-002
   8.2524631877918461E-002
   9.8690813114171105E-002
  0.11143182151907131     
  0.12053974942575209     
  0.12587567962785537     
  0.12737327996653366     
  0.12504038237255147     
  0.11895594403332506     
  0.10926718999865644     
   9.6197851227013881E-002
   8.0073484262728548E-002
   6.1356745629006330E-002
   4.0673749945753297E-002
   1.8812334947507274E-002
  -3.3166123896219467E-003
  -2.4749056148870539E-002
  -4.4552654534691781E-002
  -6.1907430970725173E-002
  -7.6167084496289561E-002
  -8.6893383367249138E-002
  -9.3863615635023656E-002
  -9.7056310712994837E-002
  -9.6622650895505230E-002
  -9.2851051279868174E-002
  -8.6130701975155169E-002
  -7.6918099565747189E-002
  -6.5708398562528608E-002
  -5.3012211176934977E-002
  -3.9337485679550102E-002
  -2.5175687061598083E-002
  -1.0991299762293320E-002
   2.7861806383148936E-003
   1.5768491370524579E-002
   2.7613577245973752E-002
   3.8029609220453765E-002
   4.6778213730280120E-002
   5.3676927760171460E-002
   5.8600859080322310E-002
   6.1483425261526906E-002
   6.2316115823370613E-002
   6.1147146284452163E-002
   5.8078993461516668E-002
   5.3264723980492930E-002
   4.6903323223377362E-002
   3.9234143861289476E-002
   3.0530682835850319E-002
   2.1093537525392603E-002
   1.1242503706949156E-002
   1.3077732157824873E-003
  -8.3798737822566669E-003
  -1.7499891330778925E-002
  -2.5753651517451362E-002
  -3.2876549320562651E-002
  -3.8649624350980190E-002
  -4.2909458743679525E-002
  -4.5555169038472489E-002
  -4.6551590241154163E-002
  -4.5928423211785932E-002
  -4.3775548587553302E-002
  -4.0235329483340507E-002
  -3.5492883766402514E-002
  -2.9765399451258400E-002
  -2.3291347732534572E-002
  -1.6320284805468880E-002
  -9.1036195837690421E-003
  -1.8865537203208119E-003
   5.0988093111258405E-003
   1.1639245630205505E-002
   1.7545197823204933E-002
   2.2654679173282968E-002
   2.6836362783002658E-002
   2.9991911095966259E-002
   3.2057525370165096E-002
   3.3004715765417247E-002
   3.2840193888617995E-002
   3.1604903859976330E-002
   2.9372109157504156E-002
   2.6244564497132118E-002
   2.2350780338374746E-002
   1.7840498472204917E-002
   1.2879486952237878E-002
   7.6438328049116518E-003
   2.3139203377694102E-003
  -2.9316500164867248E-003
  -7.9220014038292094E-003
  -1.2499548737705628E-002
  -1.6524982171461193E-002
  -1.9881495503218626E-002
  -2.2478099888411773E-002
  -2.4251979419229235E-002
  -2.5169765384584531E-002
  -2.5227736164187581E-002
  -2.4450950973376503E-002
  -2.2891399497095580E-002
  -2.0625247958442561E-002
  -1.7749358192115480E-002
  -1.4377239391583727E-002
  -1.0634657791091441E-002
  -6.6550663951352573E-003
  -2.5750511320542235E-003
   1.4700705531720949E-003
   5.3503770063672400E-003
   8.9451133516620217E-003
   1.2146043960076593E-002
   1.4860332923536253E-002
   1.7012925476012408E-002
   1.8548370805242426E-002
   1.9432082679773442E-002
   1.9650980783865579E-002
   1.9213508524747801E-002
   1.8148995510592458E-002
   1.6506397185429823E-002
   1.4352423899332905E-002
   1.1769127186778739E-002
   8.8509990806377517E-003
   5.7017063025250883E-003
   2.4305293349806659E-003
  -8.5137406832227764E-004
  -4.0347577100953306E-003
  -7.0159729313208448E-003
  -9.7003928143639361E-003
  -1.2005451806982953E-002
  -1.3863160292979432E-002
  -1.5222018516297443E-002
  -1.6048278731661494E-002
  -1.6326552077789703E-002
  -1.6059754629115179E-002
  -1.5268450564567757E-002
  -1.3989636648019615E-002
  -1.2275071260514331E-002
  -1.0189202850372607E-002
  -7.8068075445754288E-003
  -5.2104112471927488E-003
  -2.4875903531786296E-003
   2.7178331550622141E-004
   2.9782768522365411E-003
   5.5455510226238083E-003
   7.8928787919292243E-003
   9.9474716074668210E-003
   1.1646575088867938E-002
   1.2939276234998933E-002
   1.3787986650401398E-002
   1.4169544825383282E-002
   1.4075912907485770E-002
   1.3514418880489496E-002
   1.2507530792565561E-002
   1.1092130855257901E-002
   9.3183230473624853E-003
   7.2477736623369092E-003
   4.9516439855259919E-003
   2.5081716580298203E-003
