    0.161500E+01
    0.726000E-01
   200      1     0.620000E-01
    1         0.116107E+10        0.116107E+10        0.116107E+10
    2         0.840050E+09        0.840050E+09        0.840050E+09
    3         0.607787E+09        0.607787E+09        0.607787E+09
    4         0.439742E+09        0.439742E+09        0.439742E+09
    5         0.318159E+09        0.318159E+09        0.318159E+09
    6         0.230192E+09        0.230192E+09        0.230192E+09
    7         0.166547E+09        0.166547E+09        0.166547E+09
    8         0.120498E+09        0.120498E+09        0.120498E+09
    9         0.871801E+08        0.871801E+08        0.871801E+08
   10         0.630737E+08        0.630737E+08        0.630737E+08
   11         0.456322E+08        0.456322E+08        0.456322E+08
   12         0.330132E+08        0.330132E+08        0.330132E+08
   13         0.238835E+08        0.238835E+08        0.238835E+08
   14         0.172788E+08        0.172788E+08        0.172788E+08
   15         0.125009E+08        0.125009E+08        0.125009E+08
   16         0.904476E+07        0.904476E+07        0.904476E+07
   17         0.654472E+07        0.654472E+07        0.654472E+07
   18         0.473623E+07        0.473623E+07        0.473623E+07
   19         0.342784E+07        0.342784E+07        0.342784E+07
   20         0.248109E+07        0.248109E+07        0.248109E+07
   21         0.179580E+07        0.179580E+07        0.179580E+07
   22         0.129960E+07        0.129960E+07        0.129960E+07
   23         0.940156E+06        0.940156E+06        0.940156E+06
   24         0.679666E+06        0.679666E+06        0.679666E+06
   25         0.490818E+06        0.490818E+06        0.490818E+06
   26         0.353874E+06        0.353874E+06        0.353874E+06
   27         0.254562E+06        0.254562E+06        0.254562E+06
   28         0.182558E+06        0.182558E+06        0.182558E+06
   29         0.130386E+06        0.130386E+06        0.130386E+06
   30         0.926243E+05        0.926243E+05        0.926243E+05
   31         0.653391E+05        0.653391E+05        0.653391E+05
   32         0.456700E+05        0.456700E+05        0.456700E+05
   33         0.315359E+05        0.315359E+05        0.315359E+05
   34         0.214211E+05        0.214211E+05        0.214211E+05
   35         0.142208E+05        0.142208E+05        0.142208E+05
   36         0.912973E+04        0.912973E+04        0.912973E+04
   37         0.556082E+04        0.556082E+04        0.556082E+04
   38         0.308667E+04        0.308667E+04        0.308667E+04
   39         0.139642E+04        0.139642E+04        0.139642E+04
   40         0.264479E+03        0.264479E+03        0.264479E+03
   41        -0.472457E+03       -0.472457E+03       -0.472457E+03
   42        -0.932178E+03       -0.932178E+03       -0.932178E+03
   43        -0.119930E+04       -0.119930E+04       -0.119930E+04
   44        -0.133430E+04       -0.133430E+04       -0.133430E+04
   45        -0.138015E+04       -0.138015E+04       -0.138015E+04
   46        -0.136717E+04       -0.136717E+04       -0.136717E+04
   47        -0.131659E+04       -0.131659E+04       -0.131659E+04
   48        -0.124310E+04       -0.124310E+04       -0.124310E+04
   49        -0.115677E+04       -0.115677E+04       -0.115677E+04
   50        -0.106440E+04       -0.106440E+04       -0.106440E+04
   51        -0.970487E+03       -0.970487E+03       -0.970487E+03
   52        -0.877941E+03       -0.877941E+03       -0.877941E+03
   53        -0.788592E+03       -0.788592E+03       -0.788592E+03
   54        -0.703531E+03       -0.703531E+03       -0.703531E+03
   55        -0.623368E+03       -0.623368E+03       -0.623368E+03
   56        -0.548397E+03       -0.548397E+03       -0.548397E+03
   57        -0.478715E+03       -0.478715E+03       -0.478715E+03
   58        -0.414304E+03       -0.414304E+03       -0.414304E+03
   59        -0.355076E+03       -0.355076E+03       -0.355076E+03
   60        -0.300914E+03       -0.300914E+03       -0.300914E+03
   61        -0.251685E+03       -0.251685E+03       -0.251685E+03
   62        -0.207255E+03       -0.207255E+03       -0.207255E+03
   63        -0.167491E+03       -0.167491E+03       -0.167491E+03
   64        -0.132270E+03       -0.132270E+03       -0.132270E+03
   65        -0.101471E+03       -0.101471E+03       -0.101471E+03
   66        -0.749801E+02       -0.749801E+02       -0.749801E+02
   67        -0.526844E+02       -0.526844E+02       -0.526844E+02
   68        -0.344734E+02       -0.344734E+02       -0.344734E+02
   69        -0.202358E+02       -0.202358E+02       -0.202358E+02
   70        -0.985850E+01       -0.985850E+01       -0.985850E+01
   71        -0.322585E+01       -0.322585E+01       -0.322585E+01
   72        -0.218662E+00       -0.218662E+00       -0.218662E+00
   73         0.000000E+00        0.000000E+00        0.000000E+00
   74         0.000000E+00        0.000000E+00        0.000000E+00
   75         0.000000E+00        0.000000E+00        0.000000E+00
   76         0.000000E+00        0.000000E+00        0.000000E+00
   77         0.000000E+00        0.000000E+00        0.000000E+00
   78         0.000000E+00        0.000000E+00        0.000000E+00
   79         0.000000E+00        0.000000E+00        0.000000E+00
   80         0.000000E+00        0.000000E+00        0.000000E+00
   81         0.000000E+00        0.000000E+00        0.000000E+00
   82         0.000000E+00        0.000000E+00        0.000000E+00
   83         0.000000E+00        0.000000E+00        0.000000E+00
   84         0.000000E+00        0.000000E+00        0.000000E+00
   85         0.000000E+00        0.000000E+00        0.000000E+00
   86         0.000000E+00        0.000000E+00        0.000000E+00
   87         0.000000E+00        0.000000E+00        0.000000E+00
   88         0.000000E+00        0.000000E+00        0.000000E+00
   89         0.000000E+00        0.000000E+00        0.000000E+00
   90         0.000000E+00        0.000000E+00        0.000000E+00
   91         0.000000E+00        0.000000E+00        0.000000E+00
   92         0.000000E+00        0.000000E+00        0.000000E+00
   93         0.000000E+00        0.000000E+00        0.000000E+00
   94         0.000000E+00        0.000000E+00        0.000000E+00
   95         0.000000E+00        0.000000E+00        0.000000E+00
   96         0.000000E+00        0.000000E+00        0.000000E+00
   97         0.000000E+00        0.000000E+00        0.000000E+00
   98         0.000000E+00        0.000000E+00        0.000000E+00
   99         0.000000E+00        0.000000E+00        0.000000E+00
  100         0.000000E+00        0.000000E+00        0.000000E+00
  101         0.000000E+00        0.000000E+00        0.000000E+00
  102         0.000000E+00        0.000000E+00        0.000000E+00
  103         0.000000E+00        0.000000E+00        0.000000E+00
  104         0.000000E+00        0.000000E+00        0.000000E+00
  105         0.000000E+00        0.000000E+00        0.000000E+00
  106         0.000000E+00        0.000000E+00        0.000000E+00
  107         0.000000E+00        0.000000E+00        0.000000E+00
  108         0.000000E+00        0.000000E+00        0.000000E+00
  109         0.000000E+00        0.000000E+00        0.000000E+00
  110         0.000000E+00        0.000000E+00        0.000000E+00
  111         0.000000E+00        0.000000E+00        0.000000E+00
  112         0.000000E+00        0.000000E+00        0.000000E+00
  113         0.000000E+00        0.000000E+00        0.000000E+00
  114         0.000000E+00        0.000000E+00        0.000000E+00
  115         0.000000E+00        0.000000E+00        0.000000E+00
  116         0.000000E+00        0.000000E+00        0.000000E+00
  117         0.000000E+00        0.000000E+00        0.000000E+00
  118         0.000000E+00        0.000000E+00        0.000000E+00
  119         0.000000E+00        0.000000E+00        0.000000E+00
  120         0.000000E+00        0.000000E+00        0.000000E+00
  121         0.000000E+00        0.000000E+00        0.000000E+00
  122         0.000000E+00        0.000000E+00        0.000000E+00
  123         0.000000E+00        0.000000E+00        0.000000E+00
  124         0.000000E+00        0.000000E+00        0.000000E+00
  125         0.000000E+00        0.000000E+00        0.000000E+00
  126         0.000000E+00        0.000000E+00        0.000000E+00
  127         0.000000E+00        0.000000E+00        0.000000E+00
  128         0.000000E+00        0.000000E+00        0.000000E+00
  129         0.000000E+00        0.000000E+00        0.000000E+00
  130         0.000000E+00        0.000000E+00        0.000000E+00
  131         0.000000E+00        0.000000E+00        0.000000E+00
  132         0.000000E+00        0.000000E+00        0.000000E+00
  133         0.000000E+00        0.000000E+00        0.000000E+00
  134         0.000000E+00        0.000000E+00        0.000000E+00
  135         0.000000E+00        0.000000E+00        0.000000E+00
  136         0.000000E+00        0.000000E+00        0.000000E+00
  137         0.000000E+00        0.000000E+00        0.000000E+00
  138         0.000000E+00        0.000000E+00        0.000000E+00
  139         0.000000E+00        0.000000E+00        0.000000E+00
  140         0.000000E+00        0.000000E+00        0.000000E+00
  141         0.000000E+00        0.000000E+00        0.000000E+00
  142         0.000000E+00        0.000000E+00        0.000000E+00
  143         0.000000E+00        0.000000E+00        0.000000E+00
  144         0.000000E+00        0.000000E+00        0.000000E+00
  145         0.000000E+00        0.000000E+00        0.000000E+00
  146         0.000000E+00        0.000000E+00        0.000000E+00
  147         0.000000E+00        0.000000E+00        0.000000E+00
  148         0.000000E+00        0.000000E+00        0.000000E+00
  149         0.000000E+00        0.000000E+00        0.000000E+00
  150         0.000000E+00        0.000000E+00        0.000000E+00
  151         0.000000E+00        0.000000E+00        0.000000E+00
  152         0.000000E+00        0.000000E+00        0.000000E+00
  153         0.000000E+00        0.000000E+00        0.000000E+00
  154         0.000000E+00        0.000000E+00        0.000000E+00
  155         0.000000E+00        0.000000E+00        0.000000E+00
  156         0.000000E+00        0.000000E+00        0.000000E+00
  157         0.000000E+00        0.000000E+00        0.000000E+00
  158         0.000000E+00        0.000000E+00        0.000000E+00
  159         0.000000E+00        0.000000E+00        0.000000E+00
  160         0.000000E+00        0.000000E+00        0.000000E+00
  161         0.000000E+00        0.000000E+00        0.000000E+00
  162         0.000000E+00        0.000000E+00        0.000000E+00
  163         0.000000E+00        0.000000E+00        0.000000E+00
  164         0.000000E+00        0.000000E+00        0.000000E+00
  165         0.000000E+00        0.000000E+00        0.000000E+00
  166         0.000000E+00        0.000000E+00        0.000000E+00
  167         0.000000E+00        0.000000E+00        0.000000E+00
  168         0.000000E+00        0.000000E+00        0.000000E+00
  169         0.000000E+00        0.000000E+00        0.000000E+00
  170         0.000000E+00        0.000000E+00        0.000000E+00
  171         0.000000E+00        0.000000E+00        0.000000E+00
  172         0.000000E+00        0.000000E+00        0.000000E+00
  173         0.000000E+00        0.000000E+00        0.000000E+00
  174         0.000000E+00        0.000000E+00        0.000000E+00
  175         0.000000E+00        0.000000E+00        0.000000E+00
  176         0.000000E+00        0.000000E+00        0.000000E+00
  177         0.000000E+00        0.000000E+00        0.000000E+00
  178         0.000000E+00        0.000000E+00        0.000000E+00
  179         0.000000E+00        0.000000E+00        0.000000E+00
  180         0.000000E+00        0.000000E+00        0.000000E+00
  181         0.000000E+00        0.000000E+00        0.000000E+00
  182         0.000000E+00        0.000000E+00        0.000000E+00
  183         0.000000E+00        0.000000E+00        0.000000E+00
  184         0.000000E+00        0.000000E+00        0.000000E+00
  185         0.000000E+00        0.000000E+00        0.000000E+00
  186         0.000000E+00        0.000000E+00        0.000000E+00
  187         0.000000E+00        0.000000E+00        0.000000E+00
  188         0.000000E+00        0.000000E+00        0.000000E+00
  189         0.000000E+00        0.000000E+00        0.000000E+00
  190         0.000000E+00        0.000000E+00        0.000000E+00
  191         0.000000E+00        0.000000E+00        0.000000E+00
  192         0.000000E+00        0.000000E+00        0.000000E+00
  193         0.000000E+00        0.000000E+00        0.000000E+00
  194         0.000000E+00        0.000000E+00        0.000000E+00
  195         0.000000E+00        0.000000E+00        0.000000E+00
  196         0.000000E+00        0.000000E+00        0.000000E+00
  197         0.000000E+00        0.000000E+00        0.000000E+00
  198         0.000000E+00        0.000000E+00        0.000000E+00
  199         0.000000E+00        0.000000E+00        0.000000E+00
  200         0.000000E+00        0.000000E+00        0.000000E+00
