  INTERATOMIC POTENTIALS USING BS PSEUDOPOT.
  
 FINAL TEMPERATURE=   0.217300E+04
 RC1=     0.161500E+01A.U.
 DENSITY=     0.726000E-01ANSGTROMS
   ********** PR12 --- ANALYTIC VCORR --- ******


              ****  GUNNARSON-LUNDQVIST ***
  *** C1=  1.000     Z1=  1.4     Z2=  1.4  ***

 MAXR=  200  ISTEP=    1  DR=   0.620000E-01ANSGTROMS
  *** DEN=  0.1076E-01     T=2173.0     QF=   0.76401     RS=   2.51197

  DQ=    0.10726      N2QF=    15     MAXQ=   500

     **** SG(0)=   0.14468

                    GAM0=   0.271602E+00


      I          R (A.U.)            V11(R)/KBT            V22(R)            V12(R)


     2         0.233617E+04        0.233617E+04        0.233617E+04
     3         0.112112E+04        0.112112E+04        0.112112E+04
     4         0.716679E+03        0.716679E+03        0.716679E+03
     5         0.515049E+03        0.515049E+03        0.515049E+03
     6         0.394640E+03        0.394640E+03        0.394640E+03
     7         0.314901E+03        0.314901E+03        0.314901E+03
     8         0.258432E+03        0.258432E+03        0.258432E+03
     9         0.216522E+03        0.216522E+03        0.216522E+03
    10         0.184319E+03        0.184319E+03        0.184319E+03
    11         0.158903E+03        0.158903E+03        0.158903E+03
    12         0.138408E+03        0.138408E+03        0.138408E+03
    13         0.121585E+03        0.121585E+03        0.121585E+03
    14         0.107567E+03        0.107567E+03        0.107567E+03
    15         0.957293E+02        0.957293E+02        0.957293E+02
    16         0.856140E+02        0.856140E+02        0.856140E+02
    17         0.768762E+02        0.768762E+02        0.768762E+02
    18         0.692519E+02        0.692519E+02        0.692519E+02
    19         0.625366E+02        0.625366E+02        0.625366E+02
    20         0.565699E+02        0.565699E+02        0.565699E+02
    21         0.512251E+02        0.512251E+02        0.512251E+02
    22         0.464019E+02        0.464019E+02        0.464019E+02
    23         0.420206E+02        0.420206E+02        0.420206E+02
    24         0.380180E+02        0.380180E+02        0.380180E+02
    25         0.343447E+02        0.343447E+02        0.343447E+02
    26         0.309623E+02        0.309623E+02        0.309623E+02
    27         0.278417E+02        0.278417E+02        0.278417E+02
    28         0.249616E+02        0.249616E+02        0.249616E+02
    29         0.223075E+02        0.223075E+02        0.223075E+02
    30         0.198693E+02        0.198693E+02        0.198693E+02
    31         0.176378E+02        0.176378E+02        0.176378E+02
    32         0.156027E+02        0.156027E+02        0.156027E+02
    33         0.137536E+02        0.137536E+02        0.137536E+02
    34         0.120797E+02        0.120797E+02        0.120797E+02
    35         0.105700E+02        0.105700E+02        0.105700E+02
    36         0.921355E+01        0.921355E+01        0.921355E+01
    37         0.799969E+01        0.799969E+01        0.799969E+01
    38         0.691780E+01        0.691780E+01        0.691780E+01
    39         0.595760E+01        0.595760E+01        0.595760E+01
    40         0.510914E+01        0.510914E+01        0.510914E+01
    41         0.436286E+01        0.436286E+01        0.436286E+01
    42         0.370963E+01        0.370963E+01        0.370963E+01
    43         0.314075E+01        0.314075E+01        0.314075E+01
    44         0.264799E+01        0.264799E+01        0.264799E+01
    45         0.222359E+01        0.222359E+01        0.222359E+01
    46         0.186028E+01        0.186028E+01        0.186028E+01
    47         0.155127E+01        0.155127E+01        0.155127E+01
    48         0.129025E+01        0.129025E+01        0.129025E+01
    49         0.107138E+01        0.107138E+01        0.107138E+01
    50         0.889289E+00        0.889289E+00        0.889289E+00
    51         0.739065E+00        0.739065E+00        0.739065E+00
    52         0.616232E+00        0.616232E+00        0.616232E+00
    53         0.516737E+00        0.516737E+00        0.516737E+00
    54         0.436935E+00        0.436935E+00        0.436935E+00
    55         0.373571E+00        0.373571E+00        0.373571E+00
    56         0.323753E+00        0.323753E+00        0.323753E+00
    57         0.284941E+00        0.284941E+00        0.284941E+00
    58         0.254914E+00        0.254914E+00        0.254914E+00
    59         0.231759E+00        0.231759E+00        0.231759E+00
    60         0.213840E+00        0.213840E+00        0.213840E+00
    61         0.199779E+00        0.199779E+00        0.199779E+00
    62         0.188433E+00        0.188433E+00        0.188433E+00
    63         0.178874E+00        0.178874E+00        0.178874E+00
    64         0.170360E+00        0.170360E+00        0.170360E+00
    65         0.162322E+00        0.162322E+00        0.162322E+00
    66         0.154339E+00        0.154339E+00        0.154339E+00
    67         0.146117E+00        0.146117E+00        0.146117E+00
    68         0.137475E+00        0.137475E+00        0.137475E+00
    69         0.128322E+00        0.128322E+00        0.128322E+00
    70         0.118643E+00        0.118643E+00        0.118643E+00
    71         0.108483E+00        0.108483E+00        0.108483E+00
    72         0.979350E-01        0.979350E-01        0.979350E-01
    73         0.871225E-01        0.871225E-01        0.871225E-01
    74         0.761925E-01        0.761925E-01        0.761925E-01
    75         0.653035E-01        0.653035E-01        0.653035E-01
    76         0.546171E-01        0.546171E-01        0.546171E-01
    77         0.442906E-01        0.442906E-01        0.442906E-01
    78         0.344712E-01        0.344712E-01        0.344712E-01
    79         0.252905E-01        0.252905E-01        0.252905E-01
    80         0.168618E-01        0.168618E-01        0.168618E-01
    81         0.927652E-02        0.927652E-02        0.927652E-02
    82         0.260342E-02        0.260342E-02        0.260342E-02
    83        -0.311248E-02       -0.311248E-02       -0.311248E-02
    84        -0.784961E-02       -0.784961E-02       -0.784961E-02
    85        -0.116090E-01       -0.116090E-01       -0.116090E-01
    86        -0.144129E-01       -0.144129E-01       -0.144129E-01
    87        -0.163028E-01       -0.163028E-01       -0.163028E-01
    88        -0.173369E-01       -0.173369E-01       -0.173369E-01
    89        -0.175881E-01       -0.175881E-01       -0.175881E-01
    90        -0.171405E-01       -0.171405E-01       -0.171405E-01
    91        -0.160871E-01       -0.160871E-01       -0.160871E-01
    92        -0.145265E-01       -0.145265E-01       -0.145265E-01
    93        -0.125605E-01       -0.125605E-01       -0.125605E-01
    94        -0.102911E-01       -0.102911E-01       -0.102911E-01
    95        -0.781845E-02       -0.781845E-02       -0.781845E-02
    96        -0.523801E-02       -0.523801E-02       -0.523801E-02
    97        -0.263915E-02       -0.263915E-02       -0.263915E-02
    98        -0.103284E-03       -0.103284E-03       -0.103284E-03
    99         0.229745E-02        0.229745E-02        0.229745E-02
   100         0.450115E-02        0.450115E-02        0.450115E-02
   101         0.645683E-02        0.645683E-02        0.645683E-02
   102         0.812479E-02        0.812479E-02        0.812479E-02
   103         0.947664E-02        0.947664E-02        0.947664E-02
   104         0.104951E-01        0.104951E-01        0.104951E-01
   105         0.111734E-01        0.111734E-01        0.111734E-01
   106         0.115148E-01        0.115148E-01        0.115148E-01
   107         0.115315E-01        0.115315E-01        0.115315E-01
   108         0.112437E-01        0.112437E-01        0.112437E-01
   109         0.106784E-01        0.106784E-01        0.106784E-01
   110         0.986828E-02        0.986828E-02        0.986828E-02
   111         0.885020E-02        0.885020E-02        0.885020E-02
   112         0.766413E-02        0.766413E-02        0.766413E-02
   113         0.635180E-02        0.635180E-02        0.635180E-02
   114         0.495550E-02        0.495550E-02        0.495550E-02
   115         0.351696E-02        0.351696E-02        0.351696E-02
   116         0.207632E-02        0.207632E-02        0.207632E-02
   117         0.671188E-03        0.671188E-03        0.671188E-03
   118        -0.664105E-03       -0.664105E-03       -0.664105E-03
   119        -0.189920E-02       -0.189920E-02       -0.189920E-02
   120        -0.300818E-02       -0.300818E-02       -0.300818E-02
   121        -0.396995E-02       -0.396995E-02       -0.396995E-02
   122        -0.476846E-02       -0.476846E-02       -0.476846E-02
   123        -0.539275E-02       -0.539275E-02       -0.539275E-02
   124        -0.583696E-02       -0.583696E-02       -0.583696E-02
   125        -0.610009E-02       -0.610009E-02       -0.610009E-02
   126        -0.618577E-02       -0.618577E-02       -0.618577E-02
   127        -0.610187E-02       -0.610187E-02       -0.610187E-02
   128        -0.586006E-02       -0.586006E-02       -0.586006E-02
   129        -0.547530E-02       -0.547530E-02       -0.547530E-02
   130        -0.496526E-02       -0.496526E-02       -0.496526E-02
   131        -0.434977E-02       -0.434977E-02       -0.434977E-02
   132        -0.365016E-02       -0.365016E-02       -0.365016E-02
   133        -0.288872E-02       -0.288872E-02       -0.288872E-02
   134        -0.208808E-02       -0.208808E-02       -0.208808E-02
   135        -0.127064E-02       -0.127064E-02       -0.127064E-02
   136        -0.458057E-03       -0.458057E-03       -0.458057E-03
   137         0.329226E-03        0.329226E-03        0.329226E-03
   138         0.107242E-02        0.107242E-02        0.107242E-02
   139         0.175476E-02        0.175476E-02        0.175476E-02
   140         0.236177E-02        0.236177E-02        0.236177E-02
   141         0.288150E-02        0.288150E-02        0.288150E-02
   142         0.330472E-02        0.330472E-02        0.330472E-02
   143         0.362498E-02        0.362498E-02        0.362498E-02
   144         0.383860E-02        0.383860E-02        0.383860E-02
   145         0.394471E-02        0.394471E-02        0.394471E-02
   146         0.394506E-02        0.394506E-02        0.394506E-02
   147         0.384392E-02        0.384392E-02        0.384392E-02
   148         0.364785E-02        0.364785E-02        0.364785E-02
   149         0.336545E-02        0.336545E-02        0.336545E-02
   150         0.300708E-02        0.300708E-02        0.300708E-02
   151         0.258454E-02        0.258454E-02        0.258454E-02
   152         0.211075E-02        0.211075E-02        0.211075E-02
   153         0.159939E-02        0.159939E-02        0.159939E-02
   154         0.106458E-02        0.106458E-02        0.106458E-02
   155         0.520484E-03        0.520484E-03        0.520484E-03
   156        -0.189708E-04       -0.189708E-04       -0.189708E-04
   157        -0.540441E-03       -0.540441E-03       -0.540441E-03
   158        -0.103145E-02       -0.103145E-02       -0.103145E-02
   159        -0.148067E-02       -0.148067E-02       -0.148067E-02
   160        -0.187812E-02       -0.187812E-02       -0.187812E-02
   161        -0.221538E-02       -0.221538E-02       -0.221538E-02
   162        -0.248577E-02       -0.248577E-02       -0.248577E-02
   163        -0.268440E-02       -0.268440E-02       -0.268440E-02
   164        -0.280829E-02       -0.280829E-02       -0.280829E-02
   165        -0.285636E-02       -0.285636E-02       -0.285636E-02
   166        -0.282941E-02       -0.282941E-02       -0.282941E-02
   167        -0.273008E-02       -0.273008E-02       -0.273008E-02
   168        -0.256272E-02       -0.256272E-02       -0.256272E-02
   169        -0.233324E-02       -0.233324E-02       -0.233324E-02
   170        -0.204895E-02       -0.204895E-02       -0.204895E-02
   171        -0.171836E-02       -0.171836E-02       -0.171836E-02
   172        -0.135093E-02       -0.135093E-02       -0.135093E-02
   173        -0.956848E-03       -0.956848E-03       -0.956848E-03
   174        -0.546731E-03       -0.546731E-03       -0.546731E-03
   175        -0.131399E-03       -0.131399E-03       -0.131399E-03
   176         0.278417E-03        0.278417E-03        0.278417E-03
   177         0.672328E-03        0.672328E-03        0.672328E-03
   178         0.104054E-02        0.104054E-02        0.104054E-02
   179         0.137407E-02        0.137407E-02        0.137407E-02
   180         0.166499E-02        0.166499E-02        0.166499E-02
   181         0.190657E-02        0.190657E-02        0.190657E-02
   182         0.209345E-02        0.209345E-02        0.209345E-02
   183         0.222174E-02        0.222174E-02        0.222174E-02
   184         0.228913E-02        0.228913E-02        0.228913E-02
   185         0.229487E-02        0.229487E-02        0.229487E-02
   186         0.223984E-02        0.223984E-02        0.223984E-02
   187         0.212642E-02        0.212642E-02        0.212642E-02
   188         0.195851E-02        0.195851E-02        0.195851E-02
   189         0.174134E-02        0.174134E-02        0.174134E-02
   190         0.148134E-02        0.148134E-02        0.148134E-02
   191         0.118598E-02        0.118598E-02        0.118598E-02
   192         0.863553E-03        0.863553E-03        0.863553E-03
   193         0.522949E-03        0.522949E-03        0.522949E-03
   194         0.173427E-03        0.173427E-03        0.173427E-03
   195        -0.175631E-03       -0.175631E-03       -0.175631E-03
   196        -0.514964E-03       -0.514964E-03       -0.514964E-03
   197        -0.835676E-03       -0.835676E-03       -0.835676E-03
   198        -0.112946E-02       -0.112946E-02       -0.112946E-02
   199        -0.138881E-02       -0.138881E-02       -0.138881E-02
   200        -0.160722E-02       -0.160722E-02       -0.160722E-02
