   67.193198807301414     
   66.913043700249844     
   66.101830955957453     
   64.838062864939062     
   63.225530644558205     
   61.368403344167845     
   59.354422710973829     
   57.248649551247112     
   55.094841360961006     
   52.920289559646285     
   50.741128514525009     
   48.566674322207085     
   46.402461660008655     
   44.252168860358552     
   42.118733896774529     
   40.004939896650839     
   37.913680196958573     
   35.848041963784503     
   33.811302857772787     
   31.806881973832404     
   29.838273381755407     
   27.908983391188624     
   26.022474754266700     
   24.182120558706600     
   22.391168208402977     
   20.652714119019688     
   18.969686295046849     
   17.344834131187667     
   15.780725549290061     
   14.279750472268105     
   12.844129578735789     
   11.475929497382994     
   10.177084308085449     
   8.9494234530336421     
   7.7946943018729637     
   6.7145656698407024     
   5.7105862221938963     
   4.7840636355644248     
   3.9358620923996477     
   3.1661724344385980     
   2.4743529209910027     
   1.8589084997864060     
   1.3175801328803300     
  0.84745474769956020     
  0.44503801168177820     
  0.10629264061834366     
 -0.17331748018170046     
 -0.39874462181909437     
 -0.57522762262934135     
 -0.70813110603720353     
 -0.80278126766454683     
 -0.86432028657669635     
 -0.89759258851273915     
 -0.90706871181478055     
 -0.89680313699150382     
 -0.87041928451801831     
 -0.83111451870052644     
 -0.78167854486372068     
 -0.72452068567483374     
 -0.66170144699227784     
 -0.59496582183025370     
 -0.52577649028496043     
 -0.45534571295746096     
 -0.38466470686239101     
 -0.31453024273726554     
 -0.24556769665524578     
 -0.17825154261408638     
 -0.11292271663645607     
  -4.9803176069885401E-002
   1.0991151083588287E-002
   6.9437970124429274E-002
  0.12559040029605309     
  0.17952350105761231     
  0.23116421494502765     
  0.27989821435062717     
  0.32398782451203567     
  0.36015045309360860     
  0.38380958960902933     
  0.39021246059543685     
  0.37599549022706980     
  0.34043028755074256     
  0.28578586173731835     
  0.21676394250240127     
  0.13938410506578591     
   5.9804594905311877E-002
  -1.6576972982568002E-002
  -8.5616258632228256E-002
 -0.14454944958470661     
 -0.19187366390616253     
 -0.22710463614539353     
 -0.25050535294388099     
 -0.26284031900295041     
 -0.26517903984641233     
 -0.25875209110556591     
 -0.24485290234249690     
 -0.22477453514100762     
 -0.19977123753130369     
 -0.17103607347922767     
 -0.13968858284698760     
 -0.10676793671484457     
  -7.3229102948244265E-002
  -3.9940491666438101E-002
  -7.6824509862001619E-003
   2.2853594224021011E-002
   5.1065187517159917E-002
   7.6437813063298762E-002
   9.8542506219600173E-002
  0.11703181449207109     
  0.13163407404835142     
  0.14214623271323243     
  0.14842688273879626     
  0.15039306554634274     
  0.14802472737656019     
  0.14137464685647425     
  0.13057416494965088     
  0.11583101738276695     
   9.7435785317532109E-002
   7.5796683878915069E-002
   5.1497777578224366E-002
   2.5347079080779215E-002
  -1.6233287029171690E-003
  -2.8221454483389728E-002
  -5.3210354653161845E-002
  -7.5440592866080597E-002
  -9.3965027072849525E-002
 -0.10811267475304023     
 -0.11751504920972843     
 -0.12209173147613368     
 -0.12200902887734250     
 -0.11762605077105157     
 -0.10943978942786427     
  -9.8035963761539599E-002
  -8.4048789980009198E-002
  -6.8129938360320705E-002
  -5.0925505702325284E-002
  -3.3059146925556553E-002
  -1.5119675319027805E-002
   2.3483463438400466E-003
   1.8852020089230526E-002
   3.3956194465785614E-002
   4.7288534556430693E-002
   5.8543673218462045E-002
   6.7486413478138968E-002
   7.3953815123969854E-002
   7.7856061418030642E-002
   7.9175936447486869E-002
   7.7966911736181130E-002
   7.4349745780163318E-002
   6.8507813371278661E-002
   6.0681168779765149E-002
   5.1159554435545151E-002
   4.0274533119349844E-002
   2.8391057886979425E-002
   1.5898586759524023E-002
   3.2015635034766008E-003
  -9.2908907746221056E-003
  -2.1176046047346575E-002
  -3.2069696445062128E-002
  -4.1619621355460164E-002
  -4.9520151854457718E-002
  -5.5526831472329737E-002
  -5.9469341596971100E-002
  -6.1260743803535897E-002
  -6.0901320053635091E-002
  -5.8476433966660739E-002
  -5.4148815878834959E-002
  -4.8146605940740501E-002
  -4.0748797152209137E-002
  -3.2269793925100071E-002
  -2.3044378749207169E-002
  -1.3413997690341451E-002
  -3.7147474772044916E-003
   5.7328120992094483E-003
   1.4632144899564074E-002
   2.2717719586912755E-002
   2.9760676585415761E-002
   3.5573347035612012E-002
   4.0012687443204180E-002
   4.2982687352329789E-002
   4.4435651474934994E-002
   4.4372365726941719E-002
   4.2841008748905549E-002
   3.9934794065343789E-002
   3.5788283434824195E-002
   3.0572462835449878E-002
   2.4488657072887901E-002
   1.7761478712603085E-002
   1.0631020580077592E-002
   3.3446318924719824E-003
  -3.8514537124981455E-003
  -1.0720308822178146E-002
  -1.7042018668048973E-002
  -2.2620632710118511E-002
  -2.7290108631874473E-002
  -3.0919132523194125E-002
  -3.3414613245941346E-002
  -3.4723812610931826E-002
  -3.4835072022724414E-002
  -3.3777170977525903E-002
  -3.1617318894144819E-002
  -2.8457893451966625E-002
  -2.4432017561707577E-002
  -1.9698196428150443E-002
  -1.4434196845268626E-002
  -8.8304711856836745E-003
  -3.0833868649446385E-003
   2.6114584797345378E-003
   8.0656120731665282E-003
   1.3103637894093587E-002
   1.7568337824306723E-002
   2.1325230694981719E-002
   2.4266186552515133E-002
   2.6312196931610007E-002
   2.7415209894238457E-002
   2.7559030026919663E-002
   2.6759245648282064E-002
   2.5062231483012461E-002
   2.2543239098736140E-002
   1.9303652315933832E-002
   1.5467429874279662E-002
   1.1176829141408310E-002
   6.5874336828886156E-003
   1.8626275133307878E-003
  -2.8322844906105969E-003
  -7.3360252391287727E-003
  -1.1497074849507388E-002
  -1.5178944968443882E-002
  -1.8264745756917826E-002
  -2.0660875434654342E-002
  -2.2299708343874108E-002
  -2.3141233492090414E-002
  -2.3173610022754129E-002
  -2.2412709277643713E-002
  -2.0900706748389165E-002
  -1.8703880320187192E-002
  -1.5909707357808962E-002
  -1.2623435496485348E-002
  -8.9642483927814907E-003
  -5.0611752564965317E-003
  -1.0488475590032908E-003
   2.9367764554784539E-003
   6.7626278418942802E-003
   1.0302591018532073E-002
   1.3441325295448196E-002
   1.6077771626939501E-002
   1.8128246604910896E-002
   1.9529053378415925E-002
   2.0238507147647973E-002
   2.0238318034471629E-002
   1.9534240171320133E-002
   1.8155950586966372E-002
   1.6156095323730156E-002
   1.3608541257270552E-002
   1.0605831563706355E-002
   7.2559361871787830E-003
   3.6783923603322852E-003
