   0.000000    0.000000000000E+00    0.000000    0.106930747379E-01   -0.262321515580E+02    0.100000000000E+31
   0.062000    0.000000000000E+00    0.197933    0.108727027019E-01   -0.136271186757E+02    0.236653508829E+04
   0.124000    0.000000000000E+00    0.395866    0.114396752051E-01   -0.136182277781E+02    0.115026840381E+04
   0.186000    0.000000000000E+00    0.593799    0.124810475356E-01   -0.136037290376E+02    0.744653906254E+03
   0.248000    0.000000000000E+00    0.791732    0.141587833191E-01   -0.135807569494E+02    0.541887910402E+03
   0.310000    0.000000000000E+00    0.989665    0.167218090464E-01   -0.135456333217E+02    0.420376581560E+03
   0.372000    0.000000000000E+00    1.187598    0.206072089944E-01   -0.134921734329E+02    0.339569805966E+03
   0.434000    0.000000000000E+00    1.385531    0.266507190650E-01   -0.134089005654E+02    0.282065194676E+03
   0.496000    0.000000000000E+00    1.583464    0.363736086641E-01   -0.132748634070E+02    0.239147890504E+03
   0.558000    0.000000000000E+00    1.781397    0.529866160879E-01   -0.130459094506E+02    0.205961760171E+03
   0.620000    0.000000000000E+00    1.979330    0.840025090028E-01   -0.126185575091E+02    0.179584406078E+03
   0.682000    0.000000000000E+00    2.177263    0.148544381458E+00   -0.117294063573E+02    0.158147737246E+03
   0.744000    0.000000000000E+00    2.375196    0.314420425883E+00   -0.944438860376E+01    0.140399405443E+03
   0.806000    0.000000000000E+00    2.573129    0.907657566598E+00   -0.127213868492E+01    0.125468567168E+03
   0.868000    0.000000000000E+00    2.771062    0.268245896248E+01    0.231803275191E+02    0.112729666837E+03
   0.930000    0.000000000000E+00    2.968995    0.247016158290E+01    0.202539020021E+02    0.101722363583E+03
   0.992000    0.000000000000E+00    3.166928    0.152708500217E+01    0.726067822466E+01    0.920999900912E+02
   1.054000    0.000000000000E+00    3.364861    0.101396202855E+01    0.192315198950E+00    0.835977997855E+02
   1.116000    0.000000000000E+00    3.562794    0.782719134374E+00   -0.299267840477E+01    0.760104179258E+02
   1.178000    0.639488462184E-13    3.760727    0.686621339667E+00   -0.431606856064E+01    0.691780364303E+02
   1.240000    0.358824081559E-11    3.958660    0.649423860216E+00   -0.482824184095E+01    0.629739893228E+02
   1.302000    0.119953824651E-09    4.156593    0.663082991565E+00   -0.464008271339E+01    0.572986788928E+02
   1.364000    0.262758703684E-08    4.354526    0.715970994169E+00   -0.391173372312E+01    0.520741461614E+02
   1.426000    0.403751201361E-07    4.552459    0.802885618300E+00   -0.271478343147E+01    0.472391015619E+02
   1.488000    0.459344949633E-06    4.750392    0.929169155530E+00   -0.975558803914E+00    0.427462105621E+02
   1.550000    0.403553290695E-05    4.948325    0.106981777850E+01    0.961641185709E+00    0.385597473952E+02
   1.612000    0.282737040749E-04    5.146258    0.119665148068E+01    0.270869506855E+01    0.346534787740E+02
   1.674000    0.161750861867E-03    5.344191    0.126179293501E+01    0.360604850335E+01    0.310093297183E+02
   1.736000    0.768210778258E-03    5.542124    0.121344051266E+01    0.294001782947E+01    0.276158649339E+02
   1.798000    0.306313127340E-02    5.740057    0.110599443654E+01    0.145999392377E+01    0.244664934640E+02
   1.860000    0.103615800744E-01    5.937990    0.101112231305E+01    0.153200157461E+00    0.215549572289E+02
   1.922000    0.300440596798E-01    6.135923    0.953694246196E+00   -0.637833325507E+00    0.188745456124E+02
   1.984000    0.754790063814E-01    6.333856    0.923707524044E+00   -0.105088085468E+01    0.164176298419E+02
   2.046000    0.166016555368E+00    6.531789    0.907586236679E+00   -0.127293488372E+01    0.141763442694E+02
   2.108000    0.322991781890E+00    6.729722    0.909445685843E+00   -0.124731274765E+01    0.121423878427E+02
   2.170000    0.561326864513E+00    6.927655    0.926315131389E+00   -0.101494142453E+01    0.103072775523E+02
   2.232000    0.879613130800E+00    7.125588    0.955356273888E+00   -0.614921998713E+00    0.866235946780E+01
   2.294000    0.125389388548E+01    7.323521    0.993888273457E+00   -0.841816619689E-01    0.719884755116E+01
   2.356000    0.163936134470E+01    7.521454    0.102809476316E+01    0.386976945076E+00    0.590797185887E+01
   2.418000    0.198253701753E+01    7.719387    0.105112603038E+01    0.704211465090E+00    0.478001716972E+01
   2.480000    0.223633412186E+01    7.917320    0.105579320424E+01    0.768502640529E+00    0.380479894206E+01
   2.542000    0.237266166408E+01    8.115253    0.104243065805E+01    0.584448651783E+00    0.297165478909E+01
   2.604000    0.238771864739E+01    8.313186    0.102395554415E+01    0.329969298119E+00    0.226935373260E+01
   2.666000    0.229783582334E+01    8.511119    0.100578130091E+01    0.796328337449E-01    0.168656970774E+01
   2.728000    0.213189964708E+01    8.709052    0.993298548480E+00   -0.923072985772E-01    0.121170343056E+01
   2.790000    0.192185912918E+01    8.906985    0.985795683282E+00   -0.195652718327E+00    0.833195916912E+00
   2.852000    0.169640827145E+01    9.104918    0.980015359846E+00   -0.275270931035E+00    0.539389328877E+00
   2.914000    0.147711175928E+01    9.302851    0.979000072650E+00   -0.289254916520E+00    0.318745943976E+00
   2.976000    0.127786646262E+01    9.500784    0.981368830491E+00   -0.256626852909E+00    0.159833129019E+00
   3.038000    0.110580771623E+01    9.698718    0.987519921847E+00   -0.171901157885E+00    0.515384657610E-01
   3.100000    0.963109856008E+00    9.896651    0.996866603640E+00   -0.431594455643E-01   -0.167261210438E-01
   3.162000    0.848781212543E+00   10.094584    0.100459272912E+01    0.632608005052E-01   -0.547338819906E-01
   3.224000    0.760107229385E+00   10.292517    0.101033928861E+01    0.142414509631E+00   -0.710953961700E-01
   3.286000    0.693694257927E+00   10.490450    0.101167726761E+01    0.160844138211E+00   -0.729868623286E-01
   3.348000    0.646103860630E+00   10.688383    0.100911713976E+01    0.125580714958E+00   -0.659875686301E-01
   3.410000    0.614184063564E+00   10.886316    0.100604865184E+01    0.833148425886E-01   -0.540826146456E-01
   3.472000    0.595248135655E+00   11.084249    0.100228132454E+01    0.314230550884E-01   -0.399124774981E-01
   3.534000    0.587053966539E+00   11.282182    0.100002462372E+01    0.338696044785E-03   -0.250066908133E-01
   3.596000    0.587841504956E+00   11.480115    0.998576372234E+00   -0.196099458004E-01   -0.102425413921E-01
   3.658000    0.596187297922E+00   11.678048    0.996817876500E+00   -0.438318584048E-01    0.400227450685E-02
   3.720000    0.611037226732E+00   11.875981    0.996274351688E+00   -0.513185462465E-01    0.174666103154E-01
   3.782000    0.631530032829E+00   12.073914    0.995755133978E+00   -0.584703457800E-01    0.300648476033E-01
   3.844000    0.657060199605E+00   12.271847    0.996434778758E+00   -0.491087897874E-01    0.416271137776E-01
   3.906000    0.687100561320E+00   12.469780    0.998305758766E+00   -0.233375977358E-01    0.520864114959E-01
   3.968000    0.721287201939E+00   12.667713    0.999805153725E+00   -0.268383935531E-02    0.612856096382E-01
   4.030000    0.759250706626E+00   12.865646    0.100163211750E+01    0.224811687430E-01    0.691845402022E-01
   4.092000    0.800696978707E+00   13.063579    0.100219796432E+01    0.302753892724E-01    0.757019613476E-01
   4.154000    0.845251025631E+00   13.261512    0.100185410984E+01    0.255392568503E-01    0.808776119319E-01
   4.216000    0.892490985475E+00   13.459445    0.100150617303E+01    0.207468208506E-01    0.847611419496E-01
   4.278000    0.941818469605E+00   13.657378    0.100050452464E+01    0.695002073812E-02    0.874887109393E-01
   4.340000    0.992389189888E+00   13.855311    0.100028346182E+01    0.390503372649E-02    0.892588375275E-01
   4.402000    0.104307737284E+01   14.053244    0.100011218958E+01    0.154582035097E-02    0.902725547704E-01
   4.464000    0.109223964800E+01   14.251177    0.999739088482E+00   -0.359335760374E-02    0.908812114335E-01
   4.526000    0.113800833918E+01   14.449110    0.999795529476E+00   -0.281607341300E-02    0.912662148937E-01
   4.588000    0.117785490929E+01   14.647043    0.999267627993E+00   -0.100875877860E-01    0.918759363488E-01
   4.650000    0.121415943654E+01   14.844976    0.999192996626E+00   -0.111156923081E-01    0.889100391860E-01
   4.712000    0.124905175646E+01   15.042909    0.999400993792E+00   -0.825081605083E-02    0.791799350500E-01
   4.774000    0.127851862104E+01   15.240842    0.999496552272E+00   -0.693463913428E-02    0.647312945985E-01
   4.836000    0.129893508720E+01   15.438775    0.100017597823E+01    0.242387223946E-02    0.474317434181E-01
   4.898000    0.130677557350E+01   15.636708    0.100032286593E+01    0.444712846084E-02    0.295124196027E-01
   4.960000    0.130032719155E+01   15.834641    0.100038512824E+01    0.530483998583E-02    0.125395863366E-01
   5.022000    0.127935236200E+01   16.032574    0.100042105258E+01    0.579967773020E-02   -0.215537865556E-02
   5.084000    0.124553675123E+01   16.230507    0.999989088815E+00   -0.150229398992E-03   -0.138826566434E-01
   5.146000    0.120175666837E+01   16.428440    0.100006705753E+01    0.923753550722E-03   -0.223074718209E-01
   5.208000    0.115167495782E+01   16.626373    0.999995852269E+00   -0.570205342768E-04   -0.275379920935E-01
   5.270000    0.109901711807E+01   16.824306    0.999979259389E+00   -0.285581930993E-03   -0.299511849328E-01
   5.332000    0.104709722807E+01   17.022239    0.100020161504E+01    0.277714433980E-02   -0.300983045325E-01
   5.394000    0.998563866161E+00   17.220172    0.999933635149E+00   -0.914077591536E-03   -0.286331680496E-01
   5.456000    0.955223342124E+00   17.418105    0.999947111450E+00   -0.728443762351E-03   -0.261390466609E-01
   5.518000    0.918196828253E+00   17.616038    0.999854017280E+00   -0.201079235142E-02   -0.231626992263E-01
   5.580000    0.887928700780E+00   17.813971    0.999722177087E+00   -0.382683734006E-02   -0.200464050713E-01
   5.642000    0.864472896883E+00   18.011904    0.100000857382E+01    0.117962027845E-03   -0.170539903832E-01
   5.704000    0.847514846998E+00   18.209837    0.999972272885E+00   -0.382103169688E-03   -0.142455047104E-01
   5.766000    0.836615248492E+00   18.407770    0.100012019916E+01    0.165541035313E-02   -0.116470796734E-01
   5.828000    0.831189439798E+00   18.605703    0.100017612564E+01    0.242574135443E-02   -0.916048797567E-02
   5.890000    0.830670297904E+00   18.803636    0.999947432092E+00   -0.724289066182E-03   -0.671996754703E-02
   5.952000    0.834458808546E+00   19.001569    0.100004297912E+01    0.592019246361E-03   -0.421760027854E-02
   6.014000    0.842020512232E+00   19.199502    0.999904899601E+00   -0.130986017267E-02   -0.161428998909E-02
   6.076000    0.852831472030E+00   19.397435    0.999947310419E+00   -0.725657059268E-03    0.112457879217E-02
   6.138000    0.866428102732E+00   19.595368    0.100011293535E+01    0.155570894250E-02    0.396757512854E-02
   6.200000    0.882363412543E+00   19.793301    0.999985633801E+00   -0.197744054653E-03    0.686656881089E-02
   6.262000    0.900224919936E+00   19.991234    0.100010170135E+01    0.140098093312E-02    0.973337421493E-02
   6.324000    0.919607649904E+00   20.189167    0.999981389861E+00   -0.256210999516E-03    0.124686575121E-01
   6.386000    0.940110547602E+00   20.387100    0.999883174943E+00   -0.160904629070E-02    0.149639289072E-01
   6.448000    0.961328143051E+00   20.585033    0.100000570719E+01    0.787536519226E-04    0.171097773836E-01
   6.510000    0.982834973099E+00   20.782966    0.999901951730E+00   -0.135041329306E-02    0.188127026590E-01
   6.572000    0.100419635982E+01   20.980899    0.100005869591E+01    0.808561244086E-03    0.199861883279E-01
   6.634000    0.102494870922E+01   21.178832    0.100008137098E+01    0.112085722319E-02    0.205759047940E-01
   6.696000    0.104462841058E+01   21.376765    0.999982847153E+00   -0.236250722179E-03    0.205387376244E-01
   6.758000    0.106275323033E+01   21.574698    0.100007182500E+01    0.989321876678E-03    0.198719653395E-01
   6.820000    0.107886410526E+01   21.772631    0.999911195612E+00   -0.122319557766E-02    0.185857160198E-01
   6.882000    0.109250805901E+01   21.970564    0.999961172726E+00   -0.534785425567E-03    0.167332283942E-01
   6.944000    0.110328265121E+01   22.168497    0.100002701301E+01    0.372196083106E-03    0.143835972478E-01
   7.006000    0.111080917101E+01   22.366430    0.999960182162E+00   -0.548335155000E-03    0.116610715451E-01
   7.068000    0.111478104757E+01   22.564363    0.100010390103E+01    0.143124983213E-02    0.871584298548E-02
   7.130000    0.111498289147E+01   22.762296    0.999999340673E+00   -0.889803300242E-05    0.572363045755E-02
   7.192000    0.111135655051E+01   22.960229    0.999974590791E+00   -0.349741152147E-03    0.284237319962E-02
   7.254000    0.110401599162E+01   23.158162    0.100001525601E+01    0.210385352817E-03    0.209531983647E-03
   7.316000    0.109327569755E+01   23.356095    0.999901255501E+00   -0.135990669119E-02   -0.208225714137E-02
   7.378000    0.107963216435E+01   23.554028    0.100003443149E+01    0.474385004138E-03   -0.398110179206E-02
   7.440000    0.106373588959E+01   23.751961    0.100001510214E+01    0.208053843731E-03   -0.547732338653E-02
   7.502000    0.104633963022E+01   23.949894    0.100000160877E+01    0.220275110129E-04   -0.659502771011E-02
   7.564000    0.102823367912E+01   24.147827    0.100007792496E+01    0.107302822990E-02   -0.737739187756E-02
   7.626000    0.101019186396E+01   24.345760    0.999939931895E+00   -0.827891289933E-03   -0.788119392213E-02
   7.688000    0.992909849212E+00   24.543693    0.999998461195E+00   -0.218693162915E-04   -0.815636775531E-02
   7.750000    0.976980000398E+00   24.741626    0.999986324137E+00   -0.189175356798E-03   -0.824978859222E-02
   7.812000    0.962857633581E+00   24.939559    0.999951090935E+00   -0.674540923435E-03   -0.818755849522E-02
   7.874000    0.950870074460E+00   25.137492    0.100007364258E+01    0.101350798916E-02   -0.798836935101E-02
   7.936000    0.941210515537E+00   25.335425    0.999986968397E+00   -0.179498667302E-03   -0.765167718330E-02
   7.998000    0.933966735290E+00   25.533358    0.100002225541E+01    0.306647433213E-03   -0.717603862406E-02
   8.060000    0.929127876779E+00   25.731291    0.100001946376E+01    0.268280011838E-03   -0.655128950567E-02
   8.122000    0.926615623898E+00   25.929224    0.999927547378E+00   -0.997716794328E-03   -0.577542296054E-02
   8.184000    0.926293486629E+00   26.127157    0.100002700488E+01    0.372260136464E-03   -0.484846449810E-02
   8.246000    0.927990834363E+00   26.325090    0.999972434793E+00   -0.379384060256E-03   -0.378361664400E-02
   8.308000    0.931509307837E+00   26.523023    0.100000650567E+01    0.898965577729E-04   -0.260134608408E-02
   8.370000    0.936636999494E+00   26.720956    0.100005911889E+01    0.814561227622E-03   -0.133392324097E-02
   8.432000    0.943151719308E+00   26.918889    0.999962256202E+00   -0.519651112335E-03   -0.202734816521E-04
   8.494000    0.950826381408E+00   27.116822    0.100002934292E+01    0.404346509601E-03    0.129499413142E-02
   8.556000    0.959430740924E+00   27.314755    0.999972682156E+00   -0.376170411905E-03    0.256482763558E-02
   8.618000    0.968730884522E+00   27.512688    0.999961730045E+00   -0.527085106262E-03    0.374408634282E-02
   8.680000    0.978491548849E+00   27.710621    0.100004246729E+01    0.584948467025E-03    0.479011544040E-02
   8.742000    0.988473023873E+00   27.908554    0.999971095752E+00   -0.398161557683E-03    0.566851556037E-02
   8.804000    0.998435687420E+00   28.106487    0.100004083638E+01    0.562465381235E-03    0.635106016102E-02
   8.866000    0.100813730601E+01   28.304420    0.100001428169E+01    0.196698873225E-03    0.682135318358E-02
   8.928000    0.101734089592E+01   28.502353    0.999960324481E+00   -0.546465708969E-03    0.707046802344E-02
   8.990000    0.102581409465E+01   28.700287    0.100002747631E+01    0.378489728480E-03    0.710187670911E-02
   9.052000    0.103334020602E+01   28.898220    0.999953856817E+00   -0.635553288239E-03    0.692560146047E-02
   9.114000    0.103972026472E+01   29.096153    0.100000916847E+01    0.126327782907E-03    0.656183978287E-02
   9.176000    0.104478573497E+01   29.294086    0.100003047889E+01    0.419868423239E-03    0.603462980552E-02
   9.238000    0.104840211727E+01   29.492019    0.999975503056E+00   -0.337374779119E-03    0.537425710491E-02
   9.300000    0.105048058831E+01   29.689952    0.100004423683E+01    0.609365881025E-03    0.461135695287E-02
   9.362000    0.105098114176E+01   29.887885    0.999970994731E+00   -0.399489143931E-03    0.377784202827E-02
   9.424000    0.104991899841E+01   30.085818    0.999982683877E+00   -0.238467020633E-03    0.290275437727E-02
   9.486000    0.104736392251E+01   30.283751    0.100001921503E+01    0.264693135209E-03    0.201251116345E-02
   9.548000    0.104343904222E+01   30.481684    0.999962601194E+00   -0.515140875289E-03    0.112915466822E-02
   9.610000    0.103831509513E+01   30.679617    0.100004208015E+01    0.579579891562E-03    0.270579043387E-03
   9.672000    0.103220198210E+01   30.877550    0.100000185176E+01    0.254379539209E-04   -0.548642934466E-03
   9.734000    0.102533956214E+01   31.075483    0.999988068072E+00   -0.164448884246E-03   -0.131730006626E-02
   9.796000    0.101798476839E+01   31.273416    0.100002777835E+01    0.382509434832E-03   -0.202504754393E-02
   9.858000    0.101040171482E+01   31.471349    0.999953305125E+00   -0.643293924449E-03   -0.266331568885E-02
   9.920000    0.100284797384E+01   31.669282    0.100001388414E+01    0.191250719612E-03   -0.322242716300E-02
   9.982000    0.995566432096E+00   31.867215    0.100000377604E+01    0.520315322601E-04   -0.369368276989E-02
  10.044000    0.988773668165E+00   32.065148    0.999983617683E+00   -0.225623649407E-03   -0.406702220426E-02
  10.106000    0.982655204210E+00   32.263081    0.100004388812E+01    0.604556538271E-03   -0.433403522702E-02
  10.168000    0.977358236131E+00   32.461014    0.999972831811E+00   -0.374177363304E-03   -0.448632951034E-02
  10.230000    0.972991601968E+00   32.658947    0.100000438296E+01    0.604108751642E-04   -0.451876796407E-02
  10.292000    0.969623868984E+00   32.856880    0.100000422387E+01    0.582170574514E-04   -0.442818058116E-02
  10.354000    0.967287650665E+00   33.054813    0.999964420139E+00   -0.490046313727E-03   -0.421604137110E-02
  10.416000    0.965981922263E+00   33.252746    0.100003530611E+01    0.486367106045E-03   -0.388725966702E-02
  10.478000    0.965677903909E+00   33.450679    0.999987570007E+00   -0.171164274781E-03   -0.345150610008E-02
  10.540000    0.966323048265E+00   33.648612    0.100000674591E+01    0.929528856809E-04   -0.292215752693E-02
  10.602000    0.967845955471E+00   33.846545    0.100002355741E+01    0.324502175790E-03   -0.231622554407E-02
  10.664000    0.970160113394E+00   34.044478    0.999962852234E+00   -0.511672150631E-03   -0.165340981014E-02
  10.726000    0.973167050808E+00   34.242411    0.100001982793E+01    0.273104561656E-03   -0.955030397508E-03
  10.788000    0.976759430214E+00   34.440344    0.999984932062E+00   -0.207557416822E-03   -0.243424986676E-03
  10.850000    0.980822683387E+00   34.638277    0.999990675338E+00   -0.128445165137E-03    0.459677788030E-03
  10.912000    0.985237741875E+00   34.836210    0.100003341408E+01    0.460292363584E-03    0.113325375841E-02
  10.974000    0.989881918447E+00   35.034143    0.999975065886E+00   -0.343399707210E-03    0.175868386068E-02
  11.036000    0.994631698402E+00   35.232076    0.100002042592E+01    0.281389408316E-03    0.231931618354E-02
  11.098000    0.999363581286E+00   35.430009    0.999994933147E+00   -0.697322524715E-04    0.280195631091E-02
  11.160000    0.100395735306E+01   35.627942    0.999974478558E+00   -0.351455238575E-03    0.319595228901E-02
  11.222000    0.100829738899E+01   35.825875    0.100002636763E+01    0.363276443703E-03    0.349434684221E-02
  11.284000    0.101227636846E+01   36.023808    0.999976570842E+00   -0.322631700707E-03    0.369272054552E-02
  11.346000    0.101579711890E+01   36.221741    0.100001702464E+01    0.234568961050E-03    0.378995152947E-02
  11.408000    0.101877634378E+01   36.419674    0.100001439513E+01    0.198349095224E-03    0.378707381128E-02
  11.470000    0.102114656938E+01   36.617607    0.999976011022E+00   -0.330398173720E-03    0.368771366430E-02
  11.532000    0.102285909602E+01   36.815540    0.100002424380E+01    0.333914011803E-03    0.349718988552E-02
  11.594000    0.102388534259E+01   37.013473    0.999975215646E+00   -0.341461419947E-03    0.322265493451E-02
  11.656000    0.102421815432E+01   37.211406    0.999998602886E+00   -0.193794406058E-04    0.287261152529E-02
  11.718000    0.102387185745E+01   37.409339    0.100001873737E+01    0.257904028585E-03    0.245683439150E-02
  11.780000    0.102288147297E+01   37.607272    0.999977608840E+00   -0.308637978877E-03    0.198624794762E-02
  11.842000    0.102130116594E+01   37.805205    0.100002830684E+01    0.389668925262E-03    0.147266420350E-02
  11.904000    0.101920147075E+01   38.003138    0.999988666143E+00   -0.156108175841E-03    0.928921614818E-03
  11.966000    0.101666645898E+01   38.201071    0.999988557698E+00   -0.157588795793E-03    0.368406547974E-03
  12.028000    0.101378964769E+01   38.399004    0.100001776541E+01    0.244731652468E-03   -0.194709943036E-03
  12.090000    0.101067056871E+01   38.596937    0.999971836279E+00   -0.387891241549E-03   -0.746206377344E-03
  12.152000    0.100741037066E+01   38.794870    0.100002128503E+01    0.293225730822E-03   -0.127161991152E-02
  12.214000    0.100410864011E+01   38.992803    0.100000254978E+01    0.351651288804E-04   -0.175714774658E-02
  12.276000    0.100085958727E+01   39.190736    0.999988660420E+00   -0.156150533472E-03   -0.218957702321E-02
  12.338000    0.997749750196E+00   39.388669    0.100002485884E+01    0.342446746013E-03   -0.255722272136E-02
