   0.000000    0.000000000000E+00    0.000000    0.247200717235E-01   -0.842457793027E+01    0.100000000000E+31
   0.062000    0.000000000000E+00    0.197933    0.251016774584E-01   -0.123250876532E+02    0.277910576636E+04
   0.124000    0.000000000000E+00    0.395866    0.261650717003E-01   -0.123097598829E+02    0.129848646149E+04
   0.186000    0.000000000000E+00    0.593799    0.280305315066E-01   -0.122834262539E+02    0.815236182512E+03
   0.248000    0.000000000000E+00    0.791732    0.310909444267E-01   -0.122415318780E+02    0.581970710068E+03
   0.310000    0.000000000000E+00    0.989665    0.355879043276E-01   -0.121815982259E+02    0.447673001633E+03
   0.372000    0.000000000000E+00    1.187598    0.420192443406E-01   -0.120976504166E+02    0.361350270070E+03
   0.434000    0.000000000000E+00    1.385531    0.514458731096E-01   -0.119765448328E+02    0.301079669135E+03
   0.496000    0.000000000000E+00    1.583464    0.652435453646E-01   -0.118009805061E+02    0.256111508587E+03
   0.558000    0.000000000000E+00    1.781397    0.865900572870E-01   -0.115308309433E+02    0.220761527425E+03
   0.620000    0.000000000000E+00    1.979330    0.121866633952E+00   -0.110854241643E+02    0.191872259080E+03
   0.682000    0.000000000000E+00    2.177263    0.183690041371E+00   -0.103053118157E+02    0.167612242088E+03
   0.744000    0.000000000000E+00    2.375196    0.313723499560E+00   -0.866424646106E+01    0.146860679186E+03
   0.806000    0.000000000000E+00    2.573129    0.635825282397E+00   -0.459806366866E+01    0.128890460790E+03
   0.868000    0.000000000000E+00    2.771062    0.138701347609E+01    0.488692988751E+01    0.113197832602E+03
   0.930000    0.000000000000E+00    2.968995    0.257297590508E+01    0.198649329682E+02    0.994149735720E+02
   0.992000    0.000000000000E+00    3.166928    0.227202660606E+01    0.160639563542E+02    0.872597989340E+02
   1.054000    0.000000000000E+00    3.364861    0.133808206073E+01    0.426910135663E+01    0.765094519249E+02
   1.116000    0.000000000000E+00    3.562794    0.955815050062E+00   -0.557904794652E+00    0.669837222075E+02
   1.178000    0.000000000000E+00    3.760727    0.780944187687E+00   -0.276580384431E+01    0.585326944242E+02
   1.240000    0.000000000000E+00    3.958660    0.690664989737E+00   -0.390557284821E+01    0.510307137288E+02
   1.302000    0.152766688188E-12    4.156593    0.667939118874E+00   -0.419245484876E+01    0.443706333056E+02
   1.364000    0.195026217398E-10    4.354526    0.682366266181E+00   -0.401028476973E+01    0.384602050971E+02
   1.426000    0.130901334217E-08    4.552459    0.729962666150E+00   -0.340934754382E+01    0.332191472505E+02
   1.488000    0.498985990305E-07    4.750392    0.813944257870E+00   -0.234904165353E+01    0.285770574187E+02
   1.550000    0.115177481597E-05    4.948325    0.919021202086E+00   -0.102240823520E+01    0.244716641957E+02
   1.612000    0.170393719472E-04    5.146258    0.104268849172E+01    0.538985158889E+00    0.208478677465E+02
   1.674000    0.169988239236E-03    5.344191    0.115549690345E+01    0.196340447304E+01    0.176563849758E+02
   1.736000    0.119662613908E-02    5.542124    0.121767247189E+01    0.274859773809E+01    0.148532397418E+02
   1.798000    0.619133592241E-02    5.740057    0.121786967854E+01    0.275110901713E+01    0.123988568045E+02
   1.860000    0.244175157169E-01    5.937990    0.114919147866E+01    0.188382470033E+01    0.102578868468E+02
   1.922000    0.758517083530E-01    6.135923    0.106055899917E+01    0.764648997847E+00    0.839837972346E+01
   1.984000    0.191138242235E+00    6.333856    0.990043012812E+00   -0.125720684223E+00    0.679162427849E+01
   2.046000    0.401131597580E+00    6.531789    0.942252227458E+00   -0.729129393635E+00    0.541178406288E+01
   2.108000    0.717833175957E+00    6.729722    0.917750233618E+00   -0.103846221300E+01    0.423556289199E+01
   2.170000    0.111866219561E+01    6.927655    0.908287462770E+00   -0.115791058671E+01    0.324194693810E+01
   2.232000    0.154688328899E+01    7.125588    0.913801352393E+00   -0.108829417366E+01    0.241194465457E+01
   2.294000    0.193059362919E+01    7.323521    0.934155567066E+00   -0.831332630119E+00    0.172800693608E+01
   2.356000    0.220877683062E+01    7.521454    0.962264253074E+00   -0.476459581947E+00    0.117376119773E+01
   2.418000    0.234971886697E+01    7.719387    0.996389763187E+00   -0.455853769625E-01    0.733883357226E+00
   2.480000    0.235497738050E+01    7.917320    0.102705007630E+01    0.341567896812E+00    0.393880635701E+00
   2.542000    0.225001139493E+01    8.115253    0.104645407347E+01    0.586596352605E+00    0.140380893486E+00
   2.604000    0.207168541798E+01    8.313186    0.105334744531E+01    0.673638665699E+00   -0.392432367431E-01
   2.666000    0.185623186443E+01    8.511119    0.104520453664E+01    0.570802538627E+00   -0.156665071180E+00
   2.728000    0.163295970381E+01    8.709052    0.103025635256E+01    0.382038842425E+00   -0.222864810585E+00
   2.790000    0.142170664887E+01    8.906985    0.101380345676E+01    0.174287412796E+00   -0.248003186262E+00
   2.852000    0.123379481344E+01    9.104918    0.998415409039E+00   -0.200072527411E-01   -0.241537859554E+00
   2.914000    0.107398944179E+01    9.302851    0.988017746292E+00   -0.151285805310E+00   -0.212123677967E+00
   2.976000    0.942791524222E+00    9.500784    0.980389884099E+00   -0.247590796603E+00   -0.167558141405E+00
   3.038000    0.838307401273E+00    9.698718    0.976986159334E+00   -0.290564476658E+00   -0.114675374414E+00
   3.100000    0.757535846264E+00    9.896651    0.978348371167E+00   -0.273367760446E+00   -0.591868143215E-01
   3.162000    0.697227825116E+00   10.094584    0.982538983672E+00   -0.220461536409E+00   -0.562385398568E-02
   3.224000    0.654294382368E+00   10.292517    0.990489426992E+00   -0.120081999195E+00    0.427518982572E-01
   3.286000    0.626045463404E+00   10.490450    0.998844395769E+00   -0.145910347903E-01    0.838500899030E-01
   3.348000    0.610220163059E+00   10.688383    0.100585312208E+01    0.739046508644E-01    0.116648704156E+00
   3.410000    0.604983180034E+00   10.886316    0.101088997719E+01    0.137503316621E+00    0.140961196511E+00
   3.472000    0.608863926463E+00   11.084249    0.101170386359E+01    0.147779768310E+00    0.157209575147E+00
   3.534000    0.620681281640E+00   11.282182    0.101051323221E+01    0.132745410614E+00    0.166215555112E+00
   3.596000    0.639495750083E+00   11.480115    0.100767523038E+01    0.969105368469E-01    0.168986515818E+00
   3.658000    0.664518599516E+00   11.678048    0.100399656600E+01    0.504616322436E-01    0.166630698173E+00
   3.720000    0.695101219808E+00   11.875981    0.100132023179E+01    0.166691243260E-01    0.160205482652E+00
   3.782000    0.730639514949E+00   12.073914    0.998393762991E+00   -0.202811030015E-01    0.150746369880E+00
   3.844000    0.770598248791E+00   12.271847    0.996392003626E+00   -0.455554190564E-01    0.139153413176E+00
   3.906000    0.814407928407E+00   12.469780    0.995276490934E+00   -0.596397898695E-01    0.126279298064E+00
   3.968000    0.861496431999E+00   12.667713    0.994566554880E+00   -0.686031152972E-01    0.112837019380E+00
   4.030000    0.911171206354E+00   12.865646    0.995540796929E+00   -0.563022719000E-01    0.994905757198E-01
   4.092000    0.962605086861E+00   13.063579    0.996883846182E+00   -0.393448160628E-01    0.867919985025E-01
   4.154000    0.101470750894E+01   13.261512    0.998728971439E+00   -0.160479924052E-01    0.752292645690E-01
   4.216000    0.106600847280E+01   13.459445    0.100078260900E+01    0.988161631674E-02    0.652384807641E-01
   4.278000    0.111466993944E+01   13.657378    0.100173152040E+01    0.218627875526E-01    0.571157923353E-01
   4.340000    0.115816558459E+01   13.855311    0.100248720902E+01    0.314043162748E-01    0.512959245728E-01
   4.402000    0.119553250378E+01   14.053244    0.100235926113E+01    0.297888783420E-01    0.465251071161E-01
   4.464000    0.122870123407E+01   14.251177    0.100174850175E+01    0.220773286728E-01    0.391970677999E-01
   4.526000    0.125546399701E+01   14.449110    0.100143083794E+01    0.180664006093E-01    0.294060548965E-01
   4.588000    0.127284087330E+01   14.647043    0.100062475392E+01    0.788846360596E-02    0.181343427537E-01
   4.650000    0.127821406886E+01   14.844976    0.100022410493E+01    0.282967490478E-02    0.662469569395E-02
   4.712000    0.127030421955E+01   15.042909    0.999786150546E+00   -0.270012400557E-02   -0.410197607368E-02
   4.774000    0.124925207916E+01   15.240842    0.999153371248E+00   -0.106897867265E-01   -0.131777493086E-01
   4.836000    0.121676799607E+01   15.438775    0.999081737989E+00   -0.115942294053E-01   -0.201016262175E-01
   4.898000    0.117559665075E+01   15.636708    0.998823187457E+00   -0.148587030135E-01   -0.246156501130E-01
   4.960000    0.112908412608E+01   15.834641    0.999018125320E+00   -0.123973284767E-01   -0.267630052371E-01
   5.022000    0.108056668728E+01   16.032574    0.999496973378E+00   -0.635130655614E-02   -0.267768386830E-01
   5.084000    0.103299823259E+01   16.230507    0.999725033251E+00   -0.347176262200E-02   -0.250477593897E-01
   5.146000    0.988709218887E+00   16.428440    0.100027965883E+01    0.353108027714E-02   -0.220475778246E-01
   5.208000    0.949332312256E+00   16.626373    0.100038824513E+01    0.490211877396E-02   -0.182551286344E-01
   5.270000    0.915880248955E+00   16.824306    0.100038719763E+01    0.488888805810E-02   -0.141288056064E-01
   5.332000    0.888823559320E+00   17.022239    0.100047767396E+01    0.603125348254E-02   -0.100306464948E-01
   5.394000    0.868263884342E+00   17.220172    0.100020027345E+01    0.252871513418E-02   -0.625064037017E-02
   5.456000    0.854008230373E+00   17.418105    0.100027038073E+01    0.341391246970E-02   -0.295057599246E-02
   5.518000    0.845712979365E+00   17.616038    0.100019432441E+01    0.245358281964E-02   -0.225467064927E-03
   5.580000    0.842909376976E+00   17.813971    0.100003877375E+01    0.489531910572E-03    0.193182641526E-02
   5.642000    0.845094408334E+00   18.011904    0.100010525267E+01    0.132889422103E-02    0.355838370073E-02
   5.704000    0.851720394263E+00   18.209837    0.999827345105E+00   -0.218006801083E-02    0.474587741071E-02
   5.766000    0.862246061252E+00   18.407770    0.999803884317E+00   -0.247630509064E-02    0.557921369726E-02
   5.828000    0.876111798943E+00   18.605703    0.999794343145E+00   -0.259678158485E-02    0.615793116574E-02
   5.890000    0.892766202388E+00   18.803636    0.999708101349E+00   -0.368568497026E-02    0.655560674356E-02
   5.952000    0.911642411698E+00   19.001569    0.999957783303E+00   -0.533029361444E-03    0.683855477548E-02
   6.014000    0.932170816073E+00   19.199502    0.999948153302E+00   -0.654604914004E-03    0.704564515233E-02
   6.076000    0.953765287010E+00   19.397435    0.100004311862E+01    0.544467570446E-03    0.720166569958E-02
   6.138000    0.975829632838E+00   19.595368    0.100013638479E+01    0.172207935024E-02    0.731257168798E-02
   6.200000    0.997758376623E+00   19.793301    0.999981068013E+00   -0.238984431568E-03    0.737177240956E-02
   6.262000    0.101894295244E+01   19.991234    0.100008529506E+01    0.107701266109E-02    0.736543783251E-02
   6.324000    0.103878901599E+01   20.189167    0.100000931291E+01    0.117642537043E-03    0.727153660765E-02
   6.386000    0.105672536427E+01   20.387100    0.100000062406E+01    0.793401745999E-05    0.707144854315E-02
   6.448000    0.107223449406E+01   20.585033    0.100012313297E+01    0.155477404579E-02    0.674330978407E-02
   6.510000    0.108486143918E+01   20.782966    0.999995513792E+00   -0.565901468343E-04    0.627694347711E-02
   6.572000    0.109424699698E+01   20.980899    0.100006699451E+01    0.845930084318E-03    0.566405566530E-02
   6.634000    0.110012493667E+01   21.178832    0.999999170955E+00   -0.104424623638E-04    0.491855964383E-02
   6.696000    0.110234074168E+01   21.376765    0.999897957803E+00   -0.128840171379E-02    0.407280689314E-02
   6.758000    0.110085269352E+01   21.574698    0.999997156394E+00   -0.358986206202E-04    0.318631231160E-02
   6.820000    0.109576463211E+01   21.772631    0.999902319439E+00   -0.123333472901E-02    0.232163597450E-02
   6.882000    0.108732702513E+01   21.970564    0.999997251997E+00   -0.346714498492E-04    0.154325342318E-02
   6.944000    0.107594872460E+01   22.168497    0.100004578428E+01    0.578136724627E-03    0.898041872411E-03
   7.006000    0.106217446509E+01   22.366430    0.999970185819E+00   -0.376417439247E-03    0.416456003568E-03
   7.068000    0.104666072337E+01   22.564363    0.100006869883E+01    0.867464249298E-03    0.104248662842E-03
   7.130000    0.103012873202E+01   22.762296    0.999962677669E+00   -0.471142704623E-03   -0.524466405607E-04
   7.192000    0.101331714250E+01   22.960229    0.999972709121E+00   -0.344469265913E-03   -0.848611281282E-04
   7.254000    0.996932856445E+00   23.158162    0.100002941216E+01    0.371466033151E-03   -0.353181502768E-04
   7.316000    0.981608350406E+00   23.356095    0.999952714062E+00   -0.596976607617E-03    0.509589417062E-04
   7.378000    0.967874684210E+00   23.554028    0.100006826235E+01    0.861918298461E-03    0.129464510212E-03
   7.440000    0.956141048290E+00   23.751961    0.100001823876E+01    0.230261896490E-03    0.165490741856E-03
   7.502000    0.946694863087E+00   23.949894    0.999991258087E+00   -0.110471428535E-03    0.132781383874E-03
   7.564000    0.939701648974E+00   24.147827    0.100004120496E+01    0.520095945508E-03    0.203705607750E-04
   7.626000    0.935221810203E+00   24.345760    0.999929077662E+00   -0.895720008314E-03   -0.173368058257E-03
   7.688000    0.933220039810E+00   24.543693    0.100000376464E+01    0.472364070138E-04   -0.436735841677E-03
   7.750000    0.933586222553E+00   24.741626    0.999996299004E+00   -0.470705561942E-04   -0.752877973649E-03
   7.812000    0.936145547077E+00   24.939559    0.999972335238E+00   -0.349665517148E-03   -0.109764334239E-02
   7.874000    0.940676219020E+00   25.137492    0.100006505838E+01    0.821091982788E-03   -0.144729251764E-02
   7.936000    0.946916907858E+00   25.335425    0.999975449047E+00   -0.309987035291E-03   -0.177699402678E-02
   7.998000    0.954579361553E+00   25.533358    0.100001056454E+01    0.133428251668E-03   -0.206622394651E-02
   8.060000    0.963353731326E+00   25.731291    0.100000687683E+01    0.869007195916E-04   -0.229739573093E-02
   8.122000    0.972917418371E+00   25.929224    0.999942143914E+00   -0.730406005722E-03   -0.245843842551E-02
   8.184000    0.982940482696E+00   26.127157    0.100003465861E+01    0.437726157470E-03   -0.254162670378E-02
   8.246000    0.993092533729E+00   26.325090    0.999980838338E+00   -0.241815413522E-03   -0.254376539287E-02
   8.308000    0.100304949561E+01   26.523023    0.100001093574E+01    0.138198939413E-03   -0.246561040869E-02
   8.370000    0.101250018447E+01   26.720956    0.100004458565E+01    0.563062074941E-03   -0.231042687048E-02
   8.432000    0.102115526173E+01   26.918889    0.999962013198E+00   -0.479521630026E-03   -0.208429947872E-02
   8.494000    0.102875394295E+01   27.116822    0.100002618591E+01    0.330716261233E-03   -0.179388378121E-02
   8.556000    0.103507420312E+01   27.314755    0.999975628318E+00   -0.307662778992E-03   -0.144764582680E-02
   8.618000    0.103993857636E+01   27.512688    0.999973485965E+00   -0.334738301750E-03   -0.105341321292E-02
   8.680000    0.104322325505E+01   27.710621    0.100003684286E+01    0.465196978098E-03   -0.620288532734E-03
   8.742000    0.104486115115E+01   27.908554    0.999971661394E+00   -0.357819786441E-03   -0.156504163442E-03
   8.804000    0.104484715251E+01   28.106487    0.100003486083E+01    0.440148230592E-03    0.328397948005E-03
   8.866000    0.104323661908E+01   28.304420    0.100000825160E+01    0.104189466391E-03    0.825246084763E-03
   8.928000    0.104014491892E+01   28.502353    0.999969469663E+00   -0.385458756454E-03    0.132312326361E-02
   8.990000    0.103574049984E+01   28.700287    0.100002661665E+01    0.336081373306E-03    0.181061405980E-02
   9.052000    0.103023819230E+01   28.898220    0.999959186155E+00   -0.515313499591E-03    0.227436471310E-02
   9.114000    0.102388779445E+01   29.096153    0.100000836166E+01    0.105596263123E-03    0.270018818355E-02
   9.176000    0.101696283593E+01   29.294086    0.100002031929E+01    0.256579558139E-03    0.307278994420E-02
   9.238000    0.100974737711E+01   29.492019    0.999977966995E+00   -0.278172874022E-03    0.337685867541E-02
   9.300000    0.100252336685E+01   29.689952    0.100004118801E+01    0.520067952388E-03    0.359785450069E-02
   9.362000    0.995558763585E+00   29.887885    0.999977593603E+00   -0.282896778069E-03    0.372290756883E-02
   9.424000    0.989096621390E+00   30.085818    0.999991246867E+00   -0.110503774877E-03    0.374219357024E-02
   9.486000    0.983347036350E+00   30.283751    0.100001451647E+01    0.183293838622E-03    0.364923737973E-02
   9.548000    0.978480001936E+00   30.481684    0.999962976813E+00   -0.467470519895E-03    0.344229601507E-02
   9.610000    0.974622162884E+00   30.679617    0.100003217821E+01    0.406273214024E-03    0.312387358086E-02
   9.672000    0.971854196638E+00   30.877550    0.999997453239E+00   -0.321841679192E-04    0.270162571805E-02
   9.734000    0.970212086736E+00   31.075483    0.999994951551E+00   -0.637812326358E-04    0.218716718212E-02
   9.796000    0.969688520480E+00   31.273416    0.100002939839E+01    0.371145695816E-03    0.159643517369E-02
   9.858000    0.970237675684E+00   31.471349    0.999963328730E+00   -0.463066962725E-03    0.948050146507E-03
   9.920000    0.971779633527E+00   31.669282    0.100001256636E+01    0.158671154431E-03    0.263251671749E-03
   9.982000    0.974207170215E+00   31.867215    0.999995428973E+00   -0.577066533961E-04   -0.435760588753E-03
  10.044000    0.977391566861E+00   32.065148    0.999980975650E+00   -0.240194446985E-03   -0.112612898844E-02
  10.106000    0.981189316244E+00   32.263081    0.100003608668E+01    0.455655645544E-03   -0.178571760238E-02
  10.168000    0.985447186611E+00   32.461014    0.999979879581E+00   -0.254029118133E-03   -0.239347886784E-02
  10.230000    0.990006904254E+00   32.658947    0.100001299886E+01    0.164143960379E-03   -0.293036715848E-02
  10.292000    0.994708588444E+00   32.856880    0.100000711611E+01    0.898657276538E-04   -0.337975224370E-02
  10.354000    0.999393944280E+00   33.054813    0.999968759156E+00   -0.394439148274E-03   -0.372784450449E-02
  10.416000    0.100390975719E+01   33.252746    0.100002418434E+01    0.305382684129E-03   -0.396408079858E-02
  10.478000    0.100811171043E+01   33.450679    0.999980558907E+00   -0.245446935869E-03   -0.408119594691E-02
  10.540000    0.101186898361E+01   33.648612    0.100000480307E+01    0.606608506739E-04   -0.407557020967E-02
  10.602000    0.101506831168E+01   33.846545    0.100002320123E+01    0.292955430994E-03   -0.394699285032E-02
  10.664000    0.101761824479E+01   34.044478    0.999975586421E+00   -0.308247268550E-03   -0.369900938282E-02
  10.726000    0.101945183957E+01   34.242411    0.100002328138E+01    0.293956329449E-03   -0.333842703771E-02
  10.788000    0.102052924229E+01   34.440344    0.999984763119E+00   -0.192387653197E-03   -0.287555043917E-02
  10.850000    0.102083846334E+01   34.638277    0.999986882670E+00   -0.165621005482E-03   -0.232357549443E-02
  10.912000    0.102039579331E+01   34.836210    0.100002116824E+01    0.267298287998E-03   -0.169861663729E-02
  10.974000    0.101924437803E+01   35.034143    0.999975795012E+00   -0.305603653546E-03   -0.101897281604E-02
  11.036000    0.101745232074E+01   35.232076    0.100002292342E+01    0.289456869846E-03   -0.304935490614E-03
  11.098000    0.101510917949E+01   35.430009    0.100000218134E+01    0.275739894008E-04    0.422018444643E-03
  11.160000    0.101232206608E+01   35.627942    0.999984664870E+00   -0.193587356565E-03    0.113965844621E-02
  11.222000    0.100921072148E+01   35.825875    0.100002207621E+01    0.278778574060E-03    0.182583418203E-02
  11.284000    0.100590245511E+01   36.023808    0.999972763388E+00   -0.343864073360E-03    0.245909492603E-02
  11.346000    0.100252683286E+01   36.221741    0.100000820178E+01    0.103582316342E-03    0.301943807310E-02
  11.408000    0.999210543880E+00   36.419674    0.100000800065E+01    0.101038399226E-03    0.348901631530E-02
  11.470000    0.996072742518E+00   36.617607    0.999982933268E+00   -0.215486489413E-03    0.385270235427E-02
  11.532000    0.993220793900E+00   36.815540    0.100002817364E+01    0.355709107022E-03    0.409874245338E-02
  11.594000    0.990747002136E+00   37.013473    0.999983402766E+00   -0.209600628140E-03    0.421903373079E-02
  11.656000    0.988725833052E+00   37.211406    0.999999893587E+00   -0.140427845592E-05    0.420958945259E-02
  11.718000    0.987212323226E+00   37.409339    0.100000997207E+01    0.125830947002E-03    0.407050296468E-02
  11.780000    0.986240951049E+00   37.607272    0.999974107776E+00   -0.327014451401E-03    0.380612422802E-02
  11.842000    0.985825657644E+00   37.805205    0.100002196001E+01    0.277177040331E-03    0.342471948609E-02
  11.904000    0.985960218154E+00   38.003138    0.999992451707E+00   -0.953037617605E-04    0.293835794863E-02
  11.966000    0.986619596263E+00   38.201071    0.999997911582E+00   -0.263613246801E-04    0.236233133897E-02
  12.028000    0.987761523613E+00   38.399004    0.100002061023E+01    0.260242027975E-03    0.171477292184E-02
  12.090000    0.989328794168E+00   38.596937    0.999975986886E+00   -0.303179919761E-03    0.101593549691E-02
  12.152000    0.991251704599E+00   38.794870    0.100001393599E+01    0.175977673810E-03    0.287623808631E-03
  12.214000    0.993450905260E+00   38.992803    0.999994526119E+00   -0.690958348610E-04   -0.447559470216E-03
  12.276000    0.995840333060E+00   39.190736    0.999987106966E+00   -0.162773149824E-03   -0.116688997534E-02
  12.338000    0.998330291538E+00   39.388669    0.100002310551E+01    0.291753694895E-03   -0.184824757786E-02
