   0.000000    0.000000000000E+00    0.000000    0.139038813032E-01    0.176799825803E+01    0.100000000000E+31
   0.062000    0.000000000000E+00    0.197933    0.140186525040E-01   -0.124621334852E+02    0.197015805375E+05
   0.124000    0.000000000000E+00    0.395866    0.144323661581E-01   -0.124550548977E+02    0.155759548781E+05
   0.186000    0.000000000000E+00    0.593799    0.152553916672E-01   -0.124424734952E+02    0.123159289189E+05
   0.248000    0.000000000000E+00    0.791732    0.166177075990E-01   -0.124224405767E+02    0.973972220411E+04
   0.310000    0.000000000000E+00    0.989665    0.187454636843E-01   -0.123927754414E+02    0.770385095341E+04
   0.372000    0.000000000000E+00    1.187598    0.220177377708E-01   -0.123490490811E+02    0.609472422646E+04
   0.434000    0.000000000000E+00    1.385531    0.271019674612E-01   -0.122831551316E+02    0.482273867795E+04
   0.496000    0.000000000000E+00    1.583464    0.352186172918E-01   -0.121796849806E+02    0.381706705201E+04
   0.558000    0.000000000000E+00    1.781397    0.487680844346E-01   -0.120082919319E+02    0.302182851526E+04
   0.620000    0.000000000000E+00    1.979330    0.728647989516E-01   -0.117042354303E+02    0.239293580892E+04
   0.682000    0.000000000000E+00    2.177263    0.119677291296E+00   -0.111137359157E+02    0.189559665926E+04
   0.744000    0.000000000000E+00    2.375196    0.222420376833E+00   -0.981722830076E+01    0.150234536293E+04
   0.806000    0.000000000000E+00    2.573129    0.489510824198E+00   -0.644558105505E+01    0.119146918342E+04
   0.868000    0.000000000000E+00    2.771062    0.132745893846E+01    0.413499980230E+01    0.945750596432E+03
   0.930000    0.000000000000E+00    2.968995    0.322045375989E+01    0.280435228564E+02    0.751553584905E+03
   0.992000    0.000000000000E+00    3.166928    0.250515685087E+01    0.190085225728E+02    0.598034017653E+03
   1.054000    0.000000000000E+00    3.364861    0.132680907900E+01    0.412678506799E+01    0.476593118856E+03
   1.116000    0.000000000000E+00    3.562794    0.848208596836E+00   -0.191662473225E+01    0.380422308224E+03
   1.178000    0.000000000000E+00    3.760727    0.647819566837E+00   -0.444671982757E+01    0.304138283784E+03
   1.240000    0.000000000000E+00    3.958660    0.563804183017E+00   -0.550742821059E+01    0.243502143150E+03
   1.302000    0.000000000000E+00    4.156593    0.543137770842E+00   -0.576834201049E+01    0.195188702320E+03
   1.364000    0.000000000000E+00    4.354526    0.568844771559E+00   -0.544377328901E+01    0.156595295716E+03
   1.426000    0.000000000000E+00    4.552459    0.639745139490E+00   -0.454859799813E+01    0.125688929442E+03
   1.488000    0.000000000000E+00    4.750392    0.761576379230E+00   -0.301036369118E+01    0.100881071442E+03
   1.550000    0.000000000000E+00    4.948325    0.938688302657E+00   -0.774138695226E+00    0.809278224943E+02
   1.612000    0.000000000000E+00    5.146258    0.115204463271E+01    0.191980121742E+01    0.648549039610E+02
   1.674000    0.000000000000E+00    5.344191    0.133599456045E+01    0.424260553518E+01    0.518919517951E+02
   1.736000    0.100470742836E-10    5.542124    0.139840612334E+01    0.503080026345E+01    0.414293146066E+02
   1.798000    0.946309164362E-08    5.740057    0.131681410099E+01    0.400046876214E+01    0.329808298768E+02
   1.860000    0.188898993869E-05    5.937990    0.115473591323E+01    0.195378950205E+01    0.261572592128E+02
   1.922000    0.109570860198E-03    6.135923    0.100537807504E+01    0.679035742874E-01    0.206457569970E+02
   1.984000    0.238197214703E-02    6.333856    0.907629274684E+00   -0.116627790921E+01    0.161944688238E+02
   2.046000    0.238340084363E-01    6.531789    0.851348524501E+00   -0.187684534809E+01    0.126003401363E+02
   2.108000    0.129520539378E+00    6.729722    0.827011114748E+00   -0.218407715359E+01    0.970012626708E+01
   2.170000    0.436683601213E+00    6.927655    0.831093418808E+00   -0.213251009986E+01    0.736264725147E+01
   2.232000    0.101593534695E+01    7.125588    0.861723068292E+00   -0.174580989773E+01    0.548303489170E+01
   2.294000    0.177461458784E+01    7.323521    0.915541630176E+00   -0.106635227595E+01    0.397769543363E+01
   2.356000    0.248995460320E+01    7.521454    0.985383670624E+00   -0.184549077558E+00    0.277914185971E+01
   2.418000    0.295177428335E+01    7.719387    0.105712764345E+01    0.721340069042E+00    0.183585307140E+01
   2.480000    0.308662169398E+01    7.917320    0.111089464450E+01    0.140029015301E+01    0.110279990199E+01
   2.542000    0.294234274555E+01    8.115253    0.112938288446E+01    0.163376334674E+01    0.544197374483E+00
   2.604000    0.262520194715E+01    8.313186    0.111052167563E+01    0.139558050629E+01    0.130095696833E+00
   2.666000    0.223779839143E+01    8.511119    0.106871697010E+01    0.867680730509E+00   -0.164219919110E+00
   2.728000    0.185311594403E+01    8.709052    0.102249717780E+01    0.284060340156E+00   -0.360012702588E+00
   2.790000    0.151073545232E+01    8.906985    0.983149290448E+00   -0.212759838571E+00   -0.475567281664E+00
   2.852000    0.122617974534E+01    9.104918    0.954541908433E+00   -0.573948542738E+00   -0.527380927357E+00
   2.914000    0.100039621722E+01    9.302851    0.937491152258E+00   -0.789217327125E+00   -0.530542198965E+00
   2.976000    0.827505034596E+00    9.500784    0.932708677131E+00   -0.849594554939E+00   -0.499221560747E+00
   3.038000    0.699356533411E+00    9.698718    0.940407939555E+00   -0.752390647998E+00   -0.446696653532E+00
   3.100000    0.607782514135E+00    9.896651    0.959206986436E+00   -0.515047121866E+00   -0.384824229772E+00
   3.162000    0.545733367350E+00   10.094584    0.985299033548E+00   -0.185615875664E+00   -0.323530011392E+00
   3.224000    0.507318950770E+00   10.292517    0.101263309730E+01    0.159510296009E+00   -0.269698386098E+00
   3.286000    0.487937579714E+00   10.490450    0.103417650763E+01    0.431531712315E+00   -0.227123367354E+00
   3.348000    0.483868048694E+00   10.688383    0.104466495849E+01    0.563968876654E+00   -0.196368784787E+00
   3.410000    0.492251310611E+00   10.886316    0.104301442556E+01    0.543127703415E+00   -0.175996512134E+00
   3.472000    0.510732887054E+00   11.084249    0.103246232153E+01    0.409887159892E+00   -0.163288921186E+00
   3.534000    0.537467874732E+00   11.282182    0.101791738127E+01    0.226232166372E+00   -0.155471626254E+00
   3.596000    0.570887684892E+00   11.480115    0.100325990942E+01    0.411599234474E-01   -0.150035519203E+00
   3.658000    0.609720055018E+00   11.678048    0.990526385231E+00   -0.119616466535E+00   -0.145163406188E+00
   3.720000    0.652862432463E+00   11.875981    0.980854529811E+00   -0.241733516995E+00   -0.139610101704E+00
   3.782000    0.699391643734E+00   12.073914    0.975281890989E+00   -0.312093058503E+00   -0.132687916111E+00
   3.844000    0.748509220100E+00   12.271847    0.974710779585E+00   -0.319303956426E+00   -0.124087500418E+00
   3.906000    0.799533071685E+00   12.469780    0.979263967576E+00   -0.261815945644E+00   -0.113770408450E+00
   3.968000    0.851887917132E+00   12.667713    0.987869145595E+00   -0.153166209712E+00   -0.101871282565E+00
   4.030000    0.905081493351E+00   12.865646    0.998288209740E+00   -0.216133139184E-01   -0.886042158423E-01
   4.092000    0.958717503744E+00   13.063579    0.100777099929E+01    0.981191702207E-01   -0.742340944946E-01
   4.154000    0.101246769567E+01   13.261512    0.101402018594E+01    0.177023626285E+00   -0.590191338670E-01
   4.216000    0.106605954551E+01   13.459445    0.101608254135E+01    0.203063587003E+00   -0.432015243186E-01
   4.278000    0.111920838319E+01   13.657378    0.101448330428E+01    0.182870908134E+00   -0.269996767247E-01
   4.340000    0.117139370481E+01   13.855311    0.101060495832E+01    0.133901575000E+00   -0.105713403062E-01
   4.402000    0.122156436188E+01   14.053244    0.100577631252E+01    0.729336656378E-01    0.592501968142E-02
   4.464000    0.126752259023E+01   14.251177    0.100084775139E+01    0.107043498362E-01    0.224234459020E-01
   4.526000    0.130558947431E+01   14.449110    0.996321315974E+00   -0.464476612328E-01    0.388767750537E-01
   4.588000    0.133191400072E+01   14.647043    0.992713293285E+00   -0.920035517147E-01    0.543343075181E-01
   4.650000    0.135274257724E+01   14.844976    0.990631054546E+00   -0.118294496615E+00    0.600371876508E-01
   4.712000    0.136585068145E+01   15.042909    0.990556076533E+00   -0.119241277646E+00    0.543379504933E-01
   4.774000    0.136148642408E+01   15.240842    0.992509340418E+00   -0.945789731159E-01    0.425030226115E-01
   4.836000    0.133472337675E+01   15.438775    0.995927055212E+00   -0.514261122038E-01    0.285877377625E-01
   4.898000    0.128559865383E+01   15.636708    0.999802398858E+00   -0.249498819859E-02    0.158730327613E-01
   4.960000    0.121902732403E+01   15.834641    0.100308146925E+01    0.389075285140E-01    0.632721135598E-02
   5.022000    0.114225306382E+01   16.032574    0.100506261593E+01    0.639220265036E-01    0.107169413535E-02
   5.084000    0.106305787534E+01   16.230507    0.100561278005E+01    0.708685663332E-01    0.154836587816E-03
   5.146000    0.987945453803E+00   16.428440    0.100504615924E+01    0.637142454172E-01    0.289050158105E-02
   5.208000    0.921458009385E+00   16.626373    0.100382457066E+01    0.482901057201E-01    0.807859553976E-02
   5.270000    0.866220796916E+00   16.824306    0.100228600840E+01    0.288637905995E-01    0.142467939684E-01
   5.332000    0.823209829352E+00   17.022239    0.100060769749E+01    0.767299219187E-02    0.200693334504E-01
   5.394000    0.792393314606E+00   17.220172    0.998926579037E+00   -0.135532386464E-01    0.244259919927E-01
   5.456000    0.772977125752E+00   17.418105    0.997475831909E+00   -0.318707243594E-01    0.267536163625E-01
   5.518000    0.763902934412E+00   17.616038    0.996564960675E+00   -0.433716842025E-01    0.268405554520E-01
   5.580000    0.763865995375E+00   17.813971    0.996443128196E+00   -0.449100625976E-01    0.249873456591E-01
   5.642000    0.771612255535E+00   18.011904    0.997135334022E+00   -0.361701671692E-01    0.216454003847E-01
   5.704000    0.785842975499E+00   18.209837    0.998399860862E+00   -0.202039612395E-01    0.174800776454E-01
   5.766000    0.805392953990E+00   18.407770    0.999818301908E+00   -0.229434665040E-02    0.130561720071E-01
   5.828000    0.829117583809E+00   18.605703    0.100098776252E+01    0.124716005022E-01    0.891428589196E-02
   5.890000    0.856001945324E+00   18.803636    0.100167943933E+01    0.212049433616E-01    0.539284709840E-02
   5.952000    0.885070257971E+00   19.001569    0.100189252012E+01    0.238955413959E-01    0.272646459818E-02
   6.014000    0.915447599763E+00   19.199502    0.100176703631E+01    0.223111565636E-01    0.978921834617E-03
   6.076000    0.946303964090E+00   19.397435    0.100145303469E+01    0.183464901142E-01    0.127295305696E-03
   6.138000    0.976881023761E+00   19.595368    0.100101993937E+01    0.128781136518E-01    0.559560182777E-04
   6.200000    0.100647218439E+01   19.793301    0.100047638623E+01    0.601507385707E-02    0.604314431807E-03
   6.262000    0.103442378193E+01   19.991234    0.999845311492E+00   -0.195302423524E-02    0.158922993752E-02
   6.324000    0.106014651359E+01   20.189167    0.999228391778E+00   -0.974239768726E-02    0.281539398754E-02
   6.386000    0.108309763764E+01   20.387100    0.998784828677E+00   -0.153429368843E-01    0.411065810629E-02
   6.448000    0.110281517453E+01   20.585033    0.998653064674E+00   -0.170066099489E-01    0.530828247317E-02
   6.510000    0.111888583900E+01   20.782966    0.998863263109E+00   -0.143526310719E-01    0.628824474334E-02
   6.572000    0.113099300314E+01   20.980899    0.999316880174E+00   -0.862518315225E-02    0.694251160251E-02
   6.634000    0.113887769114E+01   21.178832    0.999835048166E+00   -0.208268734071E-02    0.721861157805E-02
   6.696000    0.114239690653E+01   21.376765    0.100025440575E+01    0.321221408064E-02    0.707775487103E-02
   6.758000    0.114148806957E+01   21.574698    0.100049717935E+01    0.627753079170E-02    0.653795792928E-02
   6.820000    0.113622542413E+01   21.772631    0.100058479169E+01    0.738375390285E-02    0.563306338143E-02
   6.882000    0.112677163549E+01   21.970564    0.100058474256E+01    0.738316223335E-02    0.445303775157E-02
   6.944000    0.111339142682E+01   22.168497    0.100054670320E+01    0.690292796767E-02    0.311959991629E-02
   7.006000    0.109639136232E+01   22.366430    0.100046774894E+01    0.590598201769E-02    0.182958314981E-02
   7.068000    0.107620432530E+01   22.564363    0.100031686557E+01    0.400094308007E-02    0.783529871561E-03
   7.130000    0.105344079597E+01   22.762296    0.100008320632E+01    0.105077410090E-02    0.150465959752E-03
   7.192000    0.102894485709E+01   22.960229    0.999811905819E+00   -0.237471439596E-02    0.135789821010E-04
   7.254000    0.100376234155E+01   23.158162    0.999588932614E+00   -0.519003718424E-02    0.362537164673E-03
   7.316000    0.979058056192E+00   23.356095    0.999494133446E+00   -0.638705099933E-02    0.109827226458E-02
   7.378000    0.955997682886E+00   23.554028    0.999550824676E+00   -0.567133905181E-02    0.205393197947E-02
   7.440000    0.935614206189E+00   23.751961    0.999715017766E+00   -0.359829330391E-02    0.304192207375E-02
   7.502000    0.918729312564E+00   23.949894    0.999903346415E+00   -0.122055623110E-02    0.387696280233E-02
   7.564000    0.905885596968E+00   24.147827    0.100004526248E+01    0.571156520874E-03    0.442805129154E-02
   7.626000    0.897361587981E+00   24.345760    0.100011715371E+01    0.147873698921E-02    0.461544847827E-02
   7.688000    0.893175074200E+00   24.543693    0.100014335381E+01    0.180943238895E-02    0.444007077076E-02
   7.750000    0.893149282223E+00   24.741626    0.100016193975E+01    0.204403202453E-02    0.394971804872E-02
   7.812000    0.896940014154E+00   24.939559    0.100018968767E+01    0.239435207237E-02    0.324561391301E-02
   7.874000    0.904103303368E+00   25.137492    0.100020787616E+01    0.262402946036E-02    0.243720225096E-02
   7.936000    0.914117144094E+00   25.335425    0.100018300630E+01    0.231068700336E-02    0.164182054078E-02
   7.998000    0.926430138312E+00   25.533358    0.100009882714E+01    0.124788689777E-02    0.950063310022E-03
   8.060000    0.940472596221E+00   25.731291    0.999977013638E+00   -0.290097786464E-03    0.430216411757E-03
   8.122000    0.955684844999E+00   25.929224    0.999866347285E+00   -0.168734552091E-02    0.112910981853E-03
   8.184000    0.971522279156E+00   26.127157    0.999813053106E+00   -0.236021430021E-02    0.739540304482E-06
   8.246000    0.987468680805E+00   26.325090    0.999830759748E+00   -0.213662555647E-02    0.688120144647E-04
   8.308000    0.100304090509E+01   26.523023    0.999895552798E+00   -0.131853376746E-02    0.274201457282E-03
   8.370000    0.101779326886E+01   26.720956    0.999964019466E+00   -0.454073245550E-03    0.565073835989E-03
   8.432000    0.103132572106E+01   26.918889    0.100000398651E+01    0.505514478049E-04    0.885344501617E-03
   8.494000    0.104328385788E+01   27.116822    0.100001199619E+01    0.151634198822E-03    0.118639880745E-02
   8.556000    0.105337140959E+01   27.314755    0.100000994325E+01    0.125657993527E-03    0.142536672899E-02
   8.618000    0.106134796155E+01   27.512688    0.100002195144E+01    0.277224429509E-03    0.157609541549E-02
   8.680000    0.106704365179E+01   27.710621    0.100005371615E+01    0.678248099446E-03    0.162193140813E-02
   8.742000    0.107035443661E+01   27.908554    0.100008688957E+01    0.109707371288E-02    0.156459615529E-02
   8.804000    0.107125512353E+01   28.106487    0.100009508544E+01    0.120054553070E-02    0.141359299459E-02
   8.866000    0.106979096920E+01   28.304420    0.100006495459E+01    0.820134297472E-03    0.119270260771E-02
   8.928000    0.106608528818E+01   28.502353    0.100000853079E+01    0.107752918109E-03    0.928389228885E-03
   8.990000    0.106032679462E+01   28.700287    0.999954837054E+00   -0.570217585932E-03    0.654083854101E-03
   9.052000    0.105276982586E+01   28.898220    0.999930568138E+00   -0.876638963102E-03    0.399702209536E-03
   9.114000    0.104371850586E+01   29.096153    0.999941945480E+00   -0.732973857542E-03    0.194062884768E-03
   9.176000    0.103352045283E+01   29.294086    0.999973194440E+00   -0.338410800034E-03    0.571725985758E-04
   9.238000    0.102255106711E+01   29.492019    0.999999135349E+00   -0.108727521190E-04    0.125423456279E-05
   9.300000    0.101120333218E+01   29.689952    0.100000428597E+01    0.541528373394E-04    0.270195618410E-04
   9.362000    0.999873762061E+00   29.887885    0.999992023102E+00   -0.100691498286E-03    0.124243329574E-03
   9.424000    0.988948418996E+00   30.085818    0.999980093334E+00   -0.251313955386E-03    0.273458118901E-03
   9.486000    0.978790817479E+00   30.283751    0.999984613775E+00   -0.194260045736E-03    0.447457489996E-03
   9.548000    0.969726393586E+00   30.481684    0.100000738138E+01    0.931855028443E-04    0.618028946592E-03
   9.610000    0.962033945652E+00   30.679617    0.100003403366E+01    0.429682489336E-03    0.757177151008E-03
   9.672000    0.955931537892E+00   30.877550    0.100004589919E+01    0.579477708923E-03    0.845373568034E-03
   9.734000    0.951573363131E+00   31.075483    0.100003395931E+01    0.428703848488E-03    0.869879928300E-03
   9.796000    0.949040749725E+00   31.273416    0.100000601230E+01    0.758234647715E-04    0.830798380593E-03
   9.858000    0.948346310198E+00   31.471349    0.999980168022E+00   -0.250491465518E-03    0.735474745811E-03
   9.920000    0.949432490689E+00   31.669282    0.999971953530E+00   -0.354113180496E-03    0.601132731027E-03
   9.982000    0.952182361495E+00   31.867215    0.999983233599E+00   -0.211681071559E-03    0.447127024029E-03
  10.044000    0.956424638466E+00   32.065148    0.100000241133E+01    0.304700365628E-04    0.295510085103E-03
  10.106000    0.961947557317E+00   32.263081    0.100001357845E+01    0.171475133194E-03    0.164237798346E-03
  10.168000    0.968507128826E+00   32.461014    0.100000883632E+01    0.111601792151E-03    0.676472326663E-04
  10.230000    0.975840132700E+00   32.658947    0.999993169848E+00   -0.862065080852E-04    0.128214745870E-04
  10.292000    0.983672685520E+00   32.856880    0.999980134467E+00   -0.250795826924E-03    0.863970584456E-06
  10.354000    0.991730093083E+00   33.054813    0.999980663369E+00   -0.244117151246E-03    0.267365897761E-04
  10.416000    0.999744522534E+00   33.252746    0.999995077596E+00   -0.621011925797E-04    0.809028801766E-04
  10.478000    0.100746147548E+01   33.450679    0.100001288828E+01    0.162773101561E-03    0.151534377536E-03
  10.540000    0.101464665179E+01   33.648612    0.100002142191E+01    0.270509313063E-03    0.225546145296E-03
  10.602000    0.102108989154E+01   33.846545    0.100001512968E+01    0.191049805255E-03    0.291677488702E-03
  10.664000    0.102661158769E+01   34.044478    0.999999687503E+00   -0.393964631014E-05    0.340197815704E-03
  10.726000    0.103106489707E+01   34.242411    0.999986953552E+00   -0.164730467168E-03    0.365726982126E-03
  10.788000    0.103434146506E+01   34.440344    0.999986168193E+00   -0.174650868322E-03    0.365503144720E-03
  10.850000    0.103637198713E+01   34.638277    0.999997038470E+00   -0.373917249835E-04    0.341416972607E-03
  10.912000    0.103713025663E+01   34.836210    0.100001072950E+01    0.135516436194E-03    0.297288927454E-03
  10.974000    0.103663155194E+01   35.034143    0.100001659060E+01    0.209507714530E-03    0.240103383500E-03
  11.036000    0.103493376540E+01   35.232076    0.100001034114E+01    0.130610322146E-03    0.177036352689E-03
  11.098000    0.103213306729E+01   35.430009    0.999996711939E+00   -0.414545522204E-04    0.116155201620E-03
  11.160000    0.102836140565E+01   35.627942    0.999985747749E+00   -0.179881342885E-03    0.639402777580E-04
  11.222000    0.102377965513E+01   35.825875    0.999984906780E+00   -0.190495054005E-03    0.257645008220E-04
  11.284000    0.101857184951E+01   36.023808    0.999993905271E+00   -0.768859797061E-04    0.443360606714E-05
  11.346000    0.101293689697E+01   36.221741    0.100000518480E+01    0.655171934120E-04    0.644620619960E-06
  11.408000    0.100708095387E+01   36.419674    0.100001019787E+01    0.128804480225E-03    0.127283507179E-04
  11.470000    0.100120938797E+01   36.617607    0.100000570307E+01    0.720144021509E-04    0.370987603048E-04
  11.532000    0.995519069173E+00   36.815540    0.999996085582E+00   -0.494629590962E-04    0.690305041597E-04
  11.594000    0.990192069127E+00   37.013473    0.999989460367E+00   -0.133157880405E-03    0.102942922128E-03
  11.656000    0.985389360377E+00   37.211406    0.999991512375E+00   -0.107290104229E-03    0.133784729410E-03
  11.718000    0.981247151786E+00   37.409339    0.100000108475E+01    0.135412517135E-04    0.156916750160E-03
  11.780000    0.977872791298E+00   37.607272    0.100001138326E+01    0.143549547137E-03    0.169570044585E-03
  11.842000    0.975343862414E+00   37.805205    0.100001498701E+01    0.189047335413E-03    0.170145762822E-03
  11.904000    0.973706450271E+00   38.003138    0.100000944948E+01    0.119317424930E-03    0.159317702454E-03
  11.966000    0.972976555043E+00   38.201071    0.999998798218E+00   -0.151593481802E-04    0.138790330624E-03
  12.028000    0.973140381100E+00   38.399004    0.999990412761E+00   -0.121027758571E-03    0.111906604795E-03
  12.090000    0.974157332263E+00   38.596937    0.999989427975E+00   -0.133454508531E-03    0.821789252462E-04
  12.152000    0.975961907100E+00   38.794870    0.999995297444E+00   -0.593409189299E-04    0.535584977953E-04
  12.214000    0.978467630522E+00   38.992803    0.100000250224E+01    0.316310766181E-04    0.291851521017E-04
  12.276000    0.981570072580E+00   39.190736    0.100000518310E+01    0.654792443080E-04    0.115711686536E-04
  12.338000    0.985151154484E+00   39.388669    0.100000149830E+01    0.189530751075E-04    0.191128027306E-05
