   0.000000    0.000000000000E+00    0.000000    0.122220545942E-01   -0.407007752873E+02    0.100000000000E+31
   0.062000    0.000000000000E+00    0.197933    0.123872866848E-01   -0.135864404389E+02    0.228001873277E+04
   0.124000    0.000000000000E+00    0.395866    0.129279768387E-01   -0.135854100659E+02    0.106833946838E+04
   0.186000    0.000000000000E+00    0.593799    0.139240450877E-01   -0.135764874816E+02    0.669852847161E+03
   0.248000    0.000000000000E+00    0.791732    0.155242906141E-01   -0.135579776994E+02    0.476028171883E+03
   0.310000    0.000000000000E+00    0.989665    0.179123221835E-01   -0.135273682375E+02    0.364479708627E+03
   0.372000    0.000000000000E+00    1.187598    0.213954923438E-01   -0.134809118828E+02    0.293914685127E+03
   0.434000    0.000000000000E+00    1.385531    0.266515450220E-01   -0.134093745954E+02    0.246315987719E+03
   0.496000    0.000000000000E+00    1.583464    0.347339190957E-01   -0.132984413139E+02    0.212504057560E+03
   0.558000    0.000000000000E+00    1.781397    0.479822977680E-01   -0.131159435608E+02    0.187319587623E+03
   0.620000    0.000000000000E+00    1.979330    0.719534649584E-01   -0.127854762345E+02    0.167680126742E+03
   0.682000    0.000000000000E+00    2.177263    0.119925190210E+00   -0.121241898026E+02    0.151678101099E+03
   0.744000    0.000000000000E+00    2.375196    0.246313752593E+00   -0.103826503660E+02    0.138114638767E+03
   0.806000    0.000000000000E+00    2.573129    0.794000536586E+00   -0.283774990801E+01    0.126235419142E+03
   0.868000    0.000000000000E+00    2.771062    0.307057607693E+01    0.285232010012E+02    0.115567764944E+03
   0.930000    0.000000000000E+00    2.968995    0.237900960505E+01    0.189952706275E+02    0.105820780727E+03
   0.992000    0.000000000000E+00    3.166928    0.150773494358E+01    0.699378778673E+01    0.968140234343E+02
   1.054000    0.000000000000E+00    3.364861    0.988593058278E+00   -0.157125831683E+00    0.884383865191E+02
   1.116000    0.000000000000E+00    3.562794    0.758357999635E+00   -0.332856239518E+01    0.806234268391E+02
   1.178000    0.000000000000E+00    3.760727    0.674592324337E+00   -0.448245020463E+01    0.733230993310E+02
   1.240000    0.497379915032E-13    3.958660    0.634610281844E+00   -0.503321438109E+01    0.665051732938E+02
   1.302000    0.270716782325E-11    4.156593    0.652094057720E+00   -0.479235982266E+01    0.601432258119E+02
   1.364000    0.101874064740E-09    4.354526    0.709112826756E+00   -0.400689247026E+01    0.542152620144E+02
   1.426000    0.265710653480E-08    4.552459    0.796846994598E+00   -0.279831998033E+01    0.487010928565E+02
   1.488000    0.493192864326E-07    4.750392    0.934550694612E+00   -0.901501332244E+00    0.435817837929E+02
   1.550000    0.668290105921E-06    4.948325    0.108136569942E+01    0.112068759863E+01    0.388390114014E+02
   1.612000    0.677344692690E-05    5.146258    0.121629253722E+01    0.297897404231E+01    0.344551562486E+02
   1.674000    0.525577019559E-04    5.344191    0.129423812251E+01    0.405236855220E+01    0.304131194808E+02
   1.736000    0.319185182825E-03    5.542124    0.122242948885E+01    0.306344150426E+01    0.266963231942E+02
   1.798000    0.154904791775E-02    5.740057    0.109840234824E+01    0.135534136960E+01    0.232888483444E+02
   1.860000    0.612639649630E-02    5.937990    0.998625904129E+00   -0.189286780771E-01    0.201753417043E+02
   1.922000    0.201114445205E-01    6.135923    0.940976554501E+00   -0.813027229151E+00    0.173409674678E+02
   1.984000    0.557429204680E-01    6.333856    0.915214037522E+00   -0.116790749759E+01    0.147714947453E+02
   2.046000    0.132526184977E+00    6.531789    0.898364855120E+00   -0.139999817439E+01    0.124532436245E+02
   2.108000    0.274233227496E+00    6.729722    0.903839109545E+00   -0.132457797804E+01    0.103729799875E+02
   2.170000    0.500530330263E+00    6.927655    0.924147182598E+00   -0.104482621260E+01    0.851798638067E+01
   2.232000    0.815507792433E+00    7.125588    0.955864172147E+00   -0.607932833000E+00    0.687612984778E+01
   2.294000    0.119917847045E+01    7.323521    0.100046581625E+01    0.641699816877E-02    0.543547869283E+01
   2.356000    0.160716313789E+01    7.521454    0.103589560953E+01    0.494417774839E+00    0.418450841413E+01
   2.418000    0.198085054486E+01    7.719387    0.105953298183E+01    0.819988423555E+00    0.311181630773E+01
   2.480000    0.226731266507E+01    7.917320    0.106258499536E+01    0.862028648032E+00    0.220451870732E+01
   2.542000    0.243096970798E+01    8.115253    0.104317362909E+01    0.594667851366E+00    0.145034081741E+01
   2.604000    0.246347633626E+01    8.313186    0.102275116648E+01    0.313375526794E+00    0.836188038289E+00
   2.666000    0.237960502345E+01    8.511119    0.100221569403E+01    0.305193768947E-01    0.349068918761E+00
   2.728000    0.220971808080E+01    8.709052    0.989404840204E+00   -0.145940903599E+00   -0.242885730034E-01
   2.790000    0.198868804401E+01    8.906985    0.982933142561E+00   -0.235084547196E+00   -0.296979615087E+00
   2.852000    0.174862745317E+01    9.104918    0.976163595108E+00   -0.328329877455E+00   -0.482203313472E+00
   2.914000    0.151393597414E+01    9.302851    0.976777745836E+00   -0.319869147091E+00   -0.592977011894E+00
   2.976000    0.130047577282E+01    9.500784    0.980225987696E+00   -0.272370583325E+00   -0.642214113133E+00
   3.038000    0.111642313525E+01    9.698718    0.987553030987E+00   -0.171445643132E+00   -0.642490158993E+00
   3.100000    0.964291292746E+00    9.896651    0.999414131344E+00   -0.806966912307E-02   -0.605839926390E+00
   3.162000    0.842981922226E+00   10.094584    0.100694227759E+01    0.956231666490E-01   -0.543434513878E+00
   3.224000    0.749395940112E+00   10.292517    0.101307632979E+01    0.180113513162E+00   -0.465102024868E+00
   3.286000    0.679724920732E+00   10.490450    0.101357049053E+01    0.186920255040E+00   -0.379077564161E+00
   3.348000    0.630058278521E+00   10.688383    0.100918996190E+01    0.126583023393E+00   -0.291615857107E+00
   3.410000    0.596908623953E+00   10.886316    0.100619056340E+01    0.852692134082E-01   -0.207180528741E+00
   3.472000    0.577242215133E+00   11.084249    0.100141750778E+01    0.195246380872E-01   -0.128474290713E+00
   3.534000    0.568628806759E+00   11.282182    0.999260721111E+00   -0.101834661214E-01   -0.570142521348E-01
   3.596000    0.569105026888E+00   11.480115    0.998060008613E+00   -0.267224869955E-01    0.660977378172E-02
   3.658000    0.577181770186E+00   11.678048    0.995482136103E+00   -0.622306646468E-01    0.622442186650E-01
   3.720000    0.591708616915E+00   11.875981    0.995646766625E+00   -0.599630749970E-01    0.110023014409E+00
   3.782000    0.611841715237E+00   12.073914    0.995007928611E+00   -0.687624890897E-01    0.150152489971E+00
   3.844000    0.636954819337E+00   12.271847    0.996131323119E+00   -0.532885762978E-01    0.182890817990E+00
   3.906000    0.666590730366E+00   12.469780    0.998996237902E+00   -0.138267983823E-01    0.208522620696E+00
   3.968000    0.700418374916E+00   12.667713    0.100019928219E+01    0.274492024310E-02    0.227362260708E+00
   4.030000    0.738172901681E+00   12.865646    0.100254482512E+01    0.350528141555E-01    0.239796420608E+00
   4.092000    0.779637077338E+00   13.063579    0.100271768834E+01    0.374340153458E-01    0.246263943172E+00
   4.154000    0.824565205666E+00   13.261512    0.100181309072E+01    0.249741693997E-01    0.247304294299E+00
   4.216000    0.872655587877E+00   13.459445    0.100176982924E+01    0.243783765232E-01    0.243519066388E+00
   4.278000    0.923457086808E+00   13.657378    0.100018774043E+01    0.258654756251E-02    0.235592759853E+00
   4.340000    0.976282604192E+00   13.855311    0.100030694519E+01    0.422846660151E-02    0.224273545279E+00
   4.402000    0.103013301194E+01   14.053244    0.100016491782E+01    0.227209920638E-02    0.210327919707E+00
   4.464000    0.108350004129E+01   14.251177    0.999367883007E+00   -0.870637679991E-02    0.194613823975E+00
   4.526000    0.113450924222E+01   14.449110    0.999803993256E+00   -0.269946463934E-02    0.177855104475E+00
   4.588000    0.118039860378E+01   14.647043    0.998856578496E+00   -0.157493942281E-01    0.161093022654E+00
   4.650000    0.122071313516E+01   14.844976    0.998995973565E+00   -0.138294720638E-01    0.143090403858E+00
   4.712000    0.126000121779E+01   15.042909    0.999545425835E+00   -0.626136497874E-02    0.118690278950E+00
   4.774000    0.129554759605E+01   15.240842    0.999403670981E+00   -0.821398632332E-02    0.889624585792E-01
   4.836000    0.132261648964E+01   15.438775    0.100056129173E+01    0.773123598487E-02    0.565913651737E-01
   4.898000    0.133682539105E+01   15.636708    0.100041128085E+01    0.566496849169E-02    0.242601155693E-01
   4.960000    0.133529002951E+01   15.834641    0.100035563841E+01    0.489864364213E-02   -0.581440096731E-02
   5.022000    0.131705683046E+01   16.032574    0.100057349610E+01    0.789945277162E-02   -0.319093785091E-01
   5.084000    0.128340068629E+01   16.230507    0.999749007645E+00   -0.345713673078E-02   -0.529820987272E-01
   5.146000    0.123731930500E+01   16.428440    0.100018638266E+01    0.256734995711E-02   -0.685436635731E-01
   5.208000    0.118292651231E+01   16.626373    0.100004738801E+01    0.652836356926E-03   -0.786545772937E-01
   5.270000    0.112461094355E+01   16.824306    0.999898421291E+00   -0.139906568459E-02   -0.837748655946E-01
   5.332000    0.106638066475E+01   17.022239    0.100037793589E+01    0.520579265448E-02   -0.846387240387E-01
   5.394000    0.101146204614E+01   17.220172    0.999712240381E+00   -0.396360825652E-02   -0.821333129005E-01
   5.456000    0.962099738761E+00   17.418105    0.999911486933E+00   -0.121916000769E-02   -0.771329907260E-01
   5.518000    0.919654432279E+00   17.616038    0.999852069449E+00   -0.203763628440E-02   -0.704528101543E-01
   5.580000    0.884694840034E+00   17.813971    0.999578507394E+00   -0.580576379869E-02   -0.627174223755E-01
   5.642000    0.857268215238E+00   18.011904    0.100022605832E+01    0.311362145554E-02   -0.544134046443E-01
   5.704000    0.837017594613E+00   18.209837    0.999935921529E+00   -0.882795969616E-03   -0.458205341313E-01
   5.766000    0.823408144607E+00   18.407770    0.100015065745E+01    0.207496119046E-02   -0.371279168286E-01
   5.828000    0.815775254003E+00   18.605703    0.100025699684E+01    0.353968965785E-02   -0.284021367626E-01
   5.890000    0.813463350892E+00   18.803636    0.999755160228E+00   -0.337264254724E-02   -0.197061302270E-01
   5.952000    0.815817664280E+00   19.001569    0.100014430050E+01    0.198763129204E-02   -0.110683314779E-01
   6.014000    0.822256311337E+00   19.199502    0.999864725041E+00   -0.186323171386E-02   -0.256386712323E-02
   6.076000    0.832240056259E+00   19.397435    0.999943794088E+00   -0.774099704955E-03    0.572252763803E-02
   6.138000    0.845302179920E+00   19.595368    0.100027114523E+01    0.373490005614E-02    0.136579418962E-01
   6.200000    0.861015541622E+00   19.793301    0.999856239215E+00   -0.198004752057E-02    0.210977025237E-01
   6.262000    0.878997362343E+00   19.991234    0.100015911935E+01    0.219185232847E-02    0.278755121408E-01
   6.324000    0.898882760218E+00   20.189167    0.999932155206E+00   -0.934381450539E-03    0.338291601049E-01
   6.386000    0.920314069793E+00   20.387100    0.999777503487E+00   -0.306457758432E-02    0.388065101589E-01
   6.448000    0.942925378798E+00   20.585033    0.100013910060E+01    0.191612531680E-02    0.426758531293E-01
   6.510000    0.966323923297E+00   20.782966    0.999824902293E+00   -0.241169720618E-02    0.453395534770E-01
   6.572000    0.990088635855E+00   20.980899    0.100013753231E+01    0.189446807958E-02    0.467298913071E-01
   6.634000    0.101375130878E+01   21.178832    0.100012114902E+01    0.166877448349E-02    0.468259130846E-01
   6.696000    0.103681137112E+01   21.376765    0.999861137209E+00   -0.191268615729E-02    0.456388329726E-01
   6.758000    0.105872358445E+01   21.574698    0.100015567940E+01    0.214434851617E-02    0.432296240228E-01
   6.820000    0.107892836008E+01   21.772631    0.999817958106E+00   -0.250745015061E-02    0.396884918129E-01
   6.882000    0.109684731526E+01   21.970564    0.999982290132E+00   -0.243902174747E-03    0.351525215773E-01
   6.944000    0.111192350819E+01   22.168497    0.100012240528E+01    0.168614283872E-02    0.297833648732E-01
   7.006000    0.112361785089E+01   22.366430    0.999879079891E+00   -0.166542973639E-02    0.237894158360E-01
   7.068000    0.113144036852E+01   22.564363    0.100020089620E+01    0.276727097484E-02    0.174159686952E-01
   7.130000    0.113498075263E+01   22.762296    0.999932542287E+00   -0.928974702227E-03    0.109429674104E-01
   7.192000    0.113399099447E+01   22.960229    0.999920967223E+00   -0.108834374562E-02    0.463866445485E-02
   7.254000    0.112842666632E+01   23.158162    0.100008618912E+01    0.118741075337E-02   -0.125572145675E-02
   7.316000    0.111849493511E+01   23.356095    0.999812209174E+00   -0.258647365104E-02   -0.655464055496E-02
   7.378000    0.110465367929E+01   23.554028    0.100012830782E+01    0.176739351365E-02   -0.111316117370E-01
   7.440000    0.108758859337E+01   23.751961    0.100002205283E+01    0.303729048693E-03   -0.149227585937E-01
   7.502000    0.106815492512E+01   23.949894    0.999946320617E+00   -0.739576330957E-03   -0.179184193280E-01
   7.564000    0.104729810997E+01   24.147827    0.100014961556E+01    0.206046332429E-02   -0.201477091268E-01
   7.626000    0.102597580318E+01   24.345760    0.999834419793E+00   -0.228123857391E-02   -0.216678126775E-01
   7.688000    0.100507609663E+01   24.543693    0.100003445829E+01    0.473977597352E-03   -0.225422715925E-01
   7.750000    0.985369430479E+00   24.741626    0.100001930630E+01    0.265164023869E-03   -0.228374239472E-01
   7.812000    0.967465529170E+00   24.939559    0.999902434280E+00   -0.134468429727E-02   -0.226056279973E-01
   7.874000    0.951812819158E+00   25.137492    0.100017498517E+01    0.240947377702E-02   -0.218927269549E-01
   7.936000    0.938695939118E+00   25.335425    0.999919341415E+00   -0.111099978118E-02   -0.207292416040E-01
   7.998000    0.928264042642E+00   25.533358    0.100001669990E+01    0.230113343643E-03   -0.191449297298E-01
   8.060000    0.920546671058E+00   25.731291    0.100004566773E+01    0.629194013902E-03   -0.171649361320E-01
   8.122000    0.915488669310E+00   25.929224    0.999843784725E+00   -0.215149868952E-02   -0.148244871948E-01
   8.184000    0.912967838248E+00   26.127157    0.100011316922E+01    0.155907085110E-02   -0.121653799832E-01
   8.246000    0.912822242980E+00   26.325090    0.999949294512E+00   -0.698143111667E-03   -0.924520101185E-02
   8.308000    0.914861979892E+00   26.523023    0.100000127790E+01    0.178759047881E-04   -0.613240164741E-02
   8.370000    0.918884610634E+00   26.720956    0.100011497541E+01    0.158393314854E-02   -0.290872677603E-02
   8.432000    0.924680115539E+00   26.918889    0.999870691136E+00   -0.178087329517E-02    0.336664069182E-03
   8.494000    0.932035778193E+00   27.116822    0.100007551809E+01    0.104038145836E-02    0.350996332715E-02
   8.556000    0.940736612342E+00   27.314755    0.999958720717E+00   -0.568459291081E-03    0.651766608902E-02
   8.618000    0.950563133937E+00   27.512688    0.999937076264E+00   -0.866651204622E-03    0.927202709187E-02
   8.680000    0.961290283341E+00   27.710621    0.100012679707E+01    0.174652881966E-02    0.116936739266E-01
   8.742000    0.972681930922E+00   27.908554    0.999909987013E+00   -0.123987636684E-02    0.137177215627E-01
   8.804000    0.984491523392E+00   28.106487    0.100007267734E+01    0.100105582003E-02    0.152931111517E-01
   8.866000    0.996456888686E+00   28.304420    0.100001066235E+01    0.146848460653E-03    0.163881777947E-01
   8.928000    0.100830466765E+01   28.502353    0.999896207663E+00   -0.142961692031E-02    0.169872474530E-01
   8.990000    0.101974890345E+01   28.700287    0.100009473271E+01    0.130488861506E-02    0.170944456728E-01
   9.052000    0.103050029202E+01   28.898220    0.999908402029E+00   -0.126165275481E-02    0.167285486852E-01
   9.114000    0.104026994994E+01   29.096153    0.100003500943E+01    0.482265018520E-03    0.159250164846E-01
   9.176000    0.104878326481E+01   29.294086    0.100006596230E+01    0.908622739703E-03    0.147299099074E-01
   9.238000    0.105578845027E+01   29.492019    0.999909716533E+00   -0.124352694670E-02    0.132002386169E-01
   9.300000    0.106107257525E+01   29.689952    0.100009622220E+01    0.132541390494E-02    0.113979123077E-01
   9.362000    0.106447168463E+01   29.887885    0.999928169432E+00   -0.989375194817E-03    0.938914630422E-02
   9.424000    0.106588448693E+01   30.085818    0.999977970237E+00   -0.303404057930E-03    0.723924979034E-02
   9.486000    0.106527914544E+01   30.283751    0.100007483682E+01    0.103082400367E-02    0.501151258999E-02
   9.548000    0.106269885989E+01   30.481684    0.999911392232E+00   -0.122050449137E-02    0.276420322068E-02
   9.610000    0.105826102980E+01   30.679617    0.100009577811E+01    0.131922003425E-02    0.550119499800E-03
   9.672000    0.105215271280E+01   30.877550    0.999980234768E+00   -0.272312448138E-03   -0.158373783278E-02
   9.734000    0.104462242418E+01   31.075483    0.999951405398E+00   -0.669438564821E-03   -0.359631726189E-02
   9.796000    0.103596684905E+01   31.273416    0.100007374896E+01    0.101572219392E-02   -0.545068265936E-02
   9.858000    0.102651738321E+01   31.471349    0.999896311512E+00   -0.142831981701E-02   -0.711448669586E-02
   9.920000    0.101662212600E+01   31.669282    0.100005526899E+01    0.761290301095E-03   -0.855797042290E-02
   9.982000    0.100662994663E+01   31.867215    0.100001575354E+01    0.217010375321E-03   -0.975519771100E-02
  10.044000    0.996871651298E+00   32.065148    0.999946352449E+00   -0.738921198933E-03   -0.106826289028E-01
  10.106000    0.987646772737E+00   32.263081    0.100009535478E+01    0.131346157406E-02   -0.113219224388E-01
  10.168000    0.979209576033E+00   32.461014    0.999918370117E+00   -0.112434024387E-02   -0.116588007639E-01
  10.230000    0.971763892864E+00   32.658947    0.100001665960E+01    0.229508095921E-03   -0.116863657062E-01
  10.292000    0.965459302145E+00   32.856880    0.100002896227E+01    0.398964501978E-03   -0.114044530757E-01
  10.354000    0.960394790985E+00   33.054813    0.999924618241E+00   -0.103828224603E-02   -0.108218316259E-01
  10.416000    0.956623230211E+00   33.252746    0.100009546605E+01    0.131501325059E-02   -0.995560987034E-02
  10.478000    0.954158947264E+00   33.450679    0.999955659311E+00   -0.610706895079E-03   -0.883187673298E-02
  10.540000    0.952984124525E+00   33.648612    0.999998945477E+00   -0.144910340548E-04   -0.748452683222E-02
  10.602000    0.953055279853E+00   33.846545    0.100004950381E+01    0.681892912970E-03   -0.595453327957E-02
  10.664000    0.954307991554E+00   34.044478    0.999906306748E+00   -0.129053173088E-02   -0.428817358770E-02
  10.726000    0.956660647077E+00   34.242411    0.100006521607E+01    0.898288443960E-03   -0.253525577836E-02
  10.788000    0.960017418948E+00   34.440344    0.999974299924E+00   -0.354001693113E-03   -0.747521485149E-03
  10.850000    0.964269556099E+00   34.638277    0.999978557290E+00   -0.295356054132E-03    0.102376567095E-02
  10.912000    0.969297127166E+00   34.836210    0.100007766552E+01    0.106981754583E-02    0.272898481579E-02
  10.974000    0.974969049968E+00   35.034143    0.999921958950E+00   -0.107489534398E-02    0.432249215486E-02
  11.036000    0.981144603436E+00   35.232076    0.100004672145E+01    0.643587874633E-03    0.576306920070E-02
  11.098000    0.987673310130E+00   35.430009    0.999992773914E+00   -0.994701168987E-04    0.701595148918E-02
  11.160000    0.994397375545E+00   35.627942    0.999947734991E+00   -0.719817538679E-03    0.805242111358E-02
  11.222000    0.100115261111E+01   35.825875    0.100008018107E+01    0.110450802590E-02    0.885130367780E-02
  11.284000    0.100777223540E+01   36.023808    0.999939906106E+00   -0.827661162239E-03    0.939811214669E-02
  11.346000    0.101408966082E+01   36.221741    0.100003354742E+01    0.462143909142E-03    0.968579952861E-02
  11.408000    0.101994357998E+01   36.419674    0.100002327075E+01    0.320584572705E-03    0.971382492370E-02
  11.470000    0.102518256104E+01   36.617607    0.999929927357E+00   -0.965177726146E-03    0.948814381054E-02
  11.532000    0.102967057948E+01   36.815540    0.100006643511E+01    0.915047480609E-03    0.902052942147E-02
  11.594000    0.103329229609E+01   37.013473    0.999946469986E+00   -0.737414426021E-03    0.832802262338E-02
  11.656000    0.103595785505E+01   37.211406    0.100000581835E+01    0.800092377654E-04    0.743243792772E-02
  11.718000    0.103760685727E+01   37.409339    0.100004961587E+01    0.683235800636E-03    0.635979888121E-02
  11.780000    0.103821130431E+01   37.607272    0.999934232177E+00   -0.906098124648E-03    0.513962114165E-02
  11.842000    0.103777665892E+01   37.805205    0.100006404460E+01    0.881942284885E-03    0.380452083221E-02
  11.904000    0.103634156951E+01   38.003138    0.999967322610E+00   -0.450096070830E-03    0.238953584840E-02
  11.966000    0.103397596104E+01   38.201071    0.999976203029E+00   -0.327764484492E-03    0.931358573953E-03
  12.028000    0.103077720319E+01   38.399004    0.100005718860E+01    0.787747879044E-03   -0.532077418061E-03
  12.090000    0.102686572495E+01   38.596937    0.999934695959E+00   -0.899468967356E-03   -0.196282395206E-02
  12.152000    0.102237893380E+01   38.794870    0.100005415949E+01    0.746039279956E-03   -0.332336430253E-02
  12.214000    0.101746552676E+01   38.992803    0.999997232714E+00   -0.380753231424E-04   -0.457801830608E-02
  12.276000    0.101227898157E+01   39.190736    0.999959601928E+00   -0.556407015498E-03   -0.569360199971E-02
  12.338000    0.100697205367E+01   39.388669    0.100005954109E+01    0.820163402500E-03   -0.664075103287E-02
