    0.185000E+01
    0.391000E-01
   200      1     0.620000E-01
    1         0.232264E+07        0.232264E+07        0.232264E+07
    2         0.205692E+07        0.205692E+07        0.205692E+07
    3         0.182161E+07        0.182161E+07        0.182161E+07
    4         0.161318E+07        0.161318E+07        0.161318E+07
    5         0.142852E+07        0.142852E+07        0.142852E+07
    6         0.126482E+07        0.126482E+07        0.126482E+07
    7         0.111963E+07        0.111963E+07        0.111963E+07
    8         0.990814E+06        0.990814E+06        0.990814E+06
    9         0.876599E+06        0.876599E+06        0.876599E+06
   10         0.775477E+06        0.775477E+06        0.775477E+06
   11         0.686163E+06        0.686163E+06        0.686163E+06
   12         0.607503E+06        0.607503E+06        0.607503E+06
   13         0.538408E+06        0.538408E+06        0.538408E+06
   14         0.477816E+06        0.477816E+06        0.477816E+06
   15         0.424680E+06        0.424680E+06        0.424680E+06
   16         0.377991E+06        0.377991E+06        0.377991E+06
   17         0.336810E+06        0.336810E+06        0.336810E+06
   18         0.300301E+06        0.300301E+06        0.300301E+06
   19         0.267750E+06        0.267750E+06        0.267750E+06
   20         0.238576E+06        0.238576E+06        0.238576E+06
   21         0.212319E+06        0.212319E+06        0.212319E+06
   22         0.188629E+06        0.188629E+06        0.188629E+06
   23         0.167242E+06        0.167242E+06        0.167242E+06
   24         0.147951E+06        0.147951E+06        0.147951E+06
   25         0.130592E+06        0.130592E+06        0.130592E+06
   26         0.115023E+06        0.115023E+06        0.115023E+06
   27         0.101115E+06        0.101115E+06        0.101115E+06
   28         0.887421E+05        0.887421E+05        0.887421E+05
   29         0.777789E+05        0.777789E+05        0.777789E+05
   30         0.681014E+05        0.681014E+05        0.681014E+05
   31         0.595868E+05        0.595868E+05        0.595868E+05
   32         0.521154E+05        0.521154E+05        0.521154E+05
   33         0.455730E+05        0.455730E+05        0.455730E+05
   34         0.398524E+05        0.398524E+05        0.398524E+05
   35         0.348547E+05        0.348547E+05        0.348547E+05
   36         0.304901E+05        0.304901E+05        0.304901E+05
   37         0.266781E+05        0.266781E+05        0.266781E+05
   38         0.233472E+05        0.233472E+05        0.233472E+05
   39         0.204348E+05        0.204348E+05        0.204348E+05
   40         0.178862E+05        0.178862E+05        0.178862E+05
   41         0.156540E+05        0.156540E+05        0.156540E+05
   42         0.136971E+05        0.136971E+05        0.136971E+05
   43         0.119802E+05        0.119802E+05        0.119802E+05
   44         0.104729E+05        0.104729E+05        0.104729E+05
   45         0.914870E+04        0.914870E+04        0.914870E+04
   46         0.798502E+04        0.798502E+04        0.798502E+04
   47         0.696218E+04        0.696218E+04        0.696218E+04
   48         0.606314E+04        0.606314E+04        0.606314E+04
   49         0.527306E+04        0.527306E+04        0.527306E+04
   50         0.457900E+04        0.457900E+04        0.457900E+04
   51         0.396966E+04        0.396966E+04        0.396966E+04
   52         0.343509E+04        0.343509E+04        0.343509E+04
   53         0.296658E+04        0.296658E+04        0.296658E+04
   54         0.255642E+04        0.255642E+04        0.255642E+04
   55         0.219780E+04        0.219780E+04        0.219780E+04
   56         0.188472E+04        0.188472E+04        0.188472E+04
   57         0.161185E+04        0.161185E+04        0.161185E+04
   58         0.137445E+04        0.137445E+04        0.137445E+04
   59         0.116832E+04        0.116832E+04        0.116832E+04
   60         0.989741E+03        0.989741E+03        0.989741E+03
   61         0.835395E+03        0.835395E+03        0.835395E+03
   62         0.702339E+03        0.702339E+03        0.702339E+03
   63         0.587957E+03        0.587957E+03        0.587957E+03
   64         0.489929E+03        0.489929E+03        0.489929E+03
   65         0.406194E+03        0.406194E+03        0.406194E+03
   66         0.334925E+03        0.334925E+03        0.334925E+03
   67         0.274503E+03        0.274503E+03        0.274503E+03
   68         0.223498E+03        0.223498E+03        0.223498E+03
   69         0.180643E+03        0.180643E+03        0.180643E+03
   70         0.144824E+03        0.144824E+03        0.144824E+03
   71         0.115056E+03        0.115056E+03        0.115056E+03
   72         0.904766E+02        0.904766E+02        0.904766E+02
   73         0.703261E+02        0.703261E+02        0.703261E+02
   74         0.539408E+02        0.539408E+02        0.539408E+02
   75         0.407404E+02        0.407404E+02        0.407404E+02
   76         0.302194E+02        0.302194E+02        0.302194E+02
   77         0.219382E+02        0.219382E+02        0.219382E+02
   78         0.155158E+02        0.155158E+02        0.155158E+02
   79         0.106232E+02        0.106232E+02        0.106232E+02
   80         0.697686E+01        0.697686E+01        0.697686E+01
   81         0.433356E+01        0.433356E+01        0.433356E+01
   82         0.248545E+01        0.248545E+01        0.248545E+01
   83         0.125565E+01        0.125565E+01        0.125565E+01
   84         0.494400E+00        0.494400E+00        0.494400E+00
   85         0.755821E-01        0.755821E-01        0.755821E-01
   86        -0.106345E+00       -0.106345E+00       -0.106345E+00
   87        -0.139078E+00       -0.139078E+00       -0.139078E+00
   88        -0.948819E-01       -0.948819E-01       -0.948819E-01
   89        -0.327231E-01       -0.327231E-01       -0.327231E-01
   90        -0.144572E-03       -0.144572E-03       -0.144572E-03
   91         0.000000E+00        0.000000E+00        0.000000E+00
   92         0.000000E+00        0.000000E+00        0.000000E+00
   93         0.000000E+00        0.000000E+00        0.000000E+00
   94         0.000000E+00        0.000000E+00        0.000000E+00
   95         0.000000E+00        0.000000E+00        0.000000E+00
   96         0.000000E+00        0.000000E+00        0.000000E+00
   97         0.000000E+00        0.000000E+00        0.000000E+00
   98         0.000000E+00        0.000000E+00        0.000000E+00
   99         0.000000E+00        0.000000E+00        0.000000E+00
  100         0.000000E+00        0.000000E+00        0.000000E+00
  101         0.000000E+00        0.000000E+00        0.000000E+00
  102         0.000000E+00        0.000000E+00        0.000000E+00
  103         0.000000E+00        0.000000E+00        0.000000E+00
  104         0.000000E+00        0.000000E+00        0.000000E+00
  105         0.000000E+00        0.000000E+00        0.000000E+00
  106         0.000000E+00        0.000000E+00        0.000000E+00
  107         0.000000E+00        0.000000E+00        0.000000E+00
  108         0.000000E+00        0.000000E+00        0.000000E+00
  109         0.000000E+00        0.000000E+00        0.000000E+00
  110         0.000000E+00        0.000000E+00        0.000000E+00
  111         0.000000E+00        0.000000E+00        0.000000E+00
  112         0.000000E+00        0.000000E+00        0.000000E+00
  113         0.000000E+00        0.000000E+00        0.000000E+00
  114         0.000000E+00        0.000000E+00        0.000000E+00
  115         0.000000E+00        0.000000E+00        0.000000E+00
  116         0.000000E+00        0.000000E+00        0.000000E+00
  117         0.000000E+00        0.000000E+00        0.000000E+00
  118         0.000000E+00        0.000000E+00        0.000000E+00
  119         0.000000E+00        0.000000E+00        0.000000E+00
  120         0.000000E+00        0.000000E+00        0.000000E+00
  121         0.000000E+00        0.000000E+00        0.000000E+00
  122         0.000000E+00        0.000000E+00        0.000000E+00
  123         0.000000E+00        0.000000E+00        0.000000E+00
  124         0.000000E+00        0.000000E+00        0.000000E+00
  125         0.000000E+00        0.000000E+00        0.000000E+00
  126         0.000000E+00        0.000000E+00        0.000000E+00
  127         0.000000E+00        0.000000E+00        0.000000E+00
  128         0.000000E+00        0.000000E+00        0.000000E+00
  129         0.000000E+00        0.000000E+00        0.000000E+00
  130         0.000000E+00        0.000000E+00        0.000000E+00
  131         0.000000E+00        0.000000E+00        0.000000E+00
  132         0.000000E+00        0.000000E+00        0.000000E+00
  133         0.000000E+00        0.000000E+00        0.000000E+00
  134         0.000000E+00        0.000000E+00        0.000000E+00
  135         0.000000E+00        0.000000E+00        0.000000E+00
  136         0.000000E+00        0.000000E+00        0.000000E+00
  137         0.000000E+00        0.000000E+00        0.000000E+00
  138         0.000000E+00        0.000000E+00        0.000000E+00
  139         0.000000E+00        0.000000E+00        0.000000E+00
  140         0.000000E+00        0.000000E+00        0.000000E+00
  141         0.000000E+00        0.000000E+00        0.000000E+00
  142         0.000000E+00        0.000000E+00        0.000000E+00
  143         0.000000E+00        0.000000E+00        0.000000E+00
  144         0.000000E+00        0.000000E+00        0.000000E+00
  145         0.000000E+00        0.000000E+00        0.000000E+00
  146         0.000000E+00        0.000000E+00        0.000000E+00
  147         0.000000E+00        0.000000E+00        0.000000E+00
  148         0.000000E+00        0.000000E+00        0.000000E+00
  149         0.000000E+00        0.000000E+00        0.000000E+00
  150         0.000000E+00        0.000000E+00        0.000000E+00
  151         0.000000E+00        0.000000E+00        0.000000E+00
  152         0.000000E+00        0.000000E+00        0.000000E+00
  153         0.000000E+00        0.000000E+00        0.000000E+00
  154         0.000000E+00        0.000000E+00        0.000000E+00
  155         0.000000E+00        0.000000E+00        0.000000E+00
  156         0.000000E+00        0.000000E+00        0.000000E+00
  157         0.000000E+00        0.000000E+00        0.000000E+00
  158         0.000000E+00        0.000000E+00        0.000000E+00
  159         0.000000E+00        0.000000E+00        0.000000E+00
  160         0.000000E+00        0.000000E+00        0.000000E+00
  161         0.000000E+00        0.000000E+00        0.000000E+00
  162         0.000000E+00        0.000000E+00        0.000000E+00
  163         0.000000E+00        0.000000E+00        0.000000E+00
  164         0.000000E+00        0.000000E+00        0.000000E+00
  165         0.000000E+00        0.000000E+00        0.000000E+00
  166         0.000000E+00        0.000000E+00        0.000000E+00
  167         0.000000E+00        0.000000E+00        0.000000E+00
  168         0.000000E+00        0.000000E+00        0.000000E+00
  169         0.000000E+00        0.000000E+00        0.000000E+00
  170         0.000000E+00        0.000000E+00        0.000000E+00
  171         0.000000E+00        0.000000E+00        0.000000E+00
  172         0.000000E+00        0.000000E+00        0.000000E+00
  173         0.000000E+00        0.000000E+00        0.000000E+00
  174         0.000000E+00        0.000000E+00        0.000000E+00
  175         0.000000E+00        0.000000E+00        0.000000E+00
  176         0.000000E+00        0.000000E+00        0.000000E+00
  177         0.000000E+00        0.000000E+00        0.000000E+00
  178         0.000000E+00        0.000000E+00        0.000000E+00
  179         0.000000E+00        0.000000E+00        0.000000E+00
  180         0.000000E+00        0.000000E+00        0.000000E+00
  181         0.000000E+00        0.000000E+00        0.000000E+00
  182         0.000000E+00        0.000000E+00        0.000000E+00
  183         0.000000E+00        0.000000E+00        0.000000E+00
  184         0.000000E+00        0.000000E+00        0.000000E+00
  185         0.000000E+00        0.000000E+00        0.000000E+00
  186         0.000000E+00        0.000000E+00        0.000000E+00
  187         0.000000E+00        0.000000E+00        0.000000E+00
  188         0.000000E+00        0.000000E+00        0.000000E+00
  189         0.000000E+00        0.000000E+00        0.000000E+00
  190         0.000000E+00        0.000000E+00        0.000000E+00
  191         0.000000E+00        0.000000E+00        0.000000E+00
  192         0.000000E+00        0.000000E+00        0.000000E+00
  193         0.000000E+00        0.000000E+00        0.000000E+00
  194         0.000000E+00        0.000000E+00        0.000000E+00
  195         0.000000E+00        0.000000E+00        0.000000E+00
  196         0.000000E+00        0.000000E+00        0.000000E+00
  197         0.000000E+00        0.000000E+00        0.000000E+00
  198         0.000000E+00        0.000000E+00        0.000000E+00
  199         0.000000E+00        0.000000E+00        0.000000E+00
  200         0.000000E+00        0.000000E+00        0.000000E+00
