    0.185000E+01
    0.391000E-01
   200      1     0.620000E-01
    2         0.737942E+07        0.737942E+07        0.737942E+07
    3         0.349049E+07        0.349049E+07        0.349049E+07
    4         0.220123E+07        0.220123E+07        0.220123E+07
    5         0.156366E+07        0.156366E+07        0.156366E+07
    6         0.118754E+07        0.118754E+07        0.118754E+07
    7         0.942287E+06        0.942287E+06        0.942287E+06
    8         0.771543E+06        0.771543E+06        0.771543E+06
    9         0.646894E+06        0.646894E+06        0.646894E+06
   10         0.552416E+06        0.552416E+06        0.552416E+06
   11         0.478502E+06        0.478502E+06        0.478502E+06
   12         0.419047E+06        0.419047E+06        0.419047E+06
   13         0.370023E+06        0.370023E+06        0.370023E+06
   14         0.328707E+06        0.328707E+06        0.328707E+06
   15         0.293225E+06        0.293225E+06        0.293225E+06
   16         0.262272E+06        0.262272E+06        0.262272E+06
   17         0.234927E+06        0.234927E+06        0.234927E+06
   18         0.210537E+06        0.210537E+06        0.210537E+06
   19         0.188630E+06        0.188630E+06        0.188630E+06
   20         0.168856E+06        0.168856E+06        0.168856E+06
   21         0.150952E+06        0.150952E+06        0.150952E+06
   22         0.134711E+06        0.134711E+06        0.134711E+06
   23         0.119969E+06        0.119969E+06        0.119969E+06
   24         0.106586E+06        0.106586E+06        0.106586E+06
   25         0.944442E+05        0.944442E+05        0.944442E+05
   26         0.834398E+05        0.834398E+05        0.834398E+05
   27         0.734799E+05        0.734799E+05        0.734799E+05
   28         0.644803E+05        0.644803E+05        0.644803E+05
   29         0.563640E+05        0.563640E+05        0.563640E+05
   30         0.490602E+05        0.490602E+05        0.490602E+05
   31         0.425032E+05        0.425032E+05        0.425032E+05
   32         0.366322E+05        0.366322E+05        0.366322E+05
   33         0.313907E+05        0.313907E+05        0.313907E+05
   34         0.267259E+05        0.267259E+05        0.267259E+05
   35         0.225889E+05        0.225889E+05        0.225889E+05
   36         0.189339E+05        0.189339E+05        0.189339E+05
   37         0.157183E+05        0.157183E+05        0.157183E+05
   38         0.129025E+05        0.129025E+05        0.129025E+05
   39         0.104494E+05        0.104494E+05        0.104494E+05
   40         0.832458E+04        0.832458E+04        0.832458E+04
   41         0.649607E+04        0.649607E+04        0.649607E+04
   42         0.493408E+04        0.493408E+04        0.493408E+04
   43         0.361098E+04        0.361098E+04        0.361098E+04
   44         0.250120E+04        0.250120E+04        0.250120E+04
   45         0.158108E+04        0.158108E+04        0.158108E+04
   46         0.828777E+03        0.828777E+03        0.828777E+03
   47         0.224182E+03        0.224182E+03        0.224182E+03
   48        -0.251179E+03       -0.251179E+03       -0.251179E+03
   49        -0.614234E+03       -0.614234E+03       -0.614234E+03
   50        -0.880440E+03       -0.880440E+03       -0.880440E+03
   51        -0.106387E+04       -0.106387E+04       -0.106387E+04
   52        -0.117729E+04       -0.117729E+04       -0.117729E+04
   53        -0.123223E+04       -0.123223E+04       -0.123223E+04
   54        -0.123905E+04       -0.123905E+04       -0.123905E+04
   55        -0.120702E+04       -0.120702E+04       -0.120702E+04
   56        -0.114440E+04       -0.114440E+04       -0.114440E+04
   57        -0.105847E+04       -0.105847E+04       -0.105847E+04
   58        -0.955623E+03       -0.955623E+03       -0.955623E+03
   59        -0.841423E+03       -0.841423E+03       -0.841423E+03
   60        -0.720658E+03       -0.720658E+03       -0.720658E+03
   61        -0.597405E+03       -0.597405E+03       -0.597405E+03
   62        -0.475084E+03       -0.475084E+03       -0.475084E+03
   63        -0.356515E+03       -0.356515E+03       -0.356515E+03
   64        -0.243973E+03       -0.243973E+03       -0.243973E+03
   65        -0.139237E+03       -0.139237E+03       -0.139237E+03
   66        -0.436409E+02       -0.436409E+02       -0.436409E+02
   67         0.418789E+02        0.418789E+02        0.418789E+02
   68         0.116737E+03        0.116737E+03        0.116737E+03
   69         0.180656E+03        0.180656E+03        0.180656E+03
   70         0.233625E+03        0.233625E+03        0.233625E+03
   71         0.275860E+03        0.275860E+03        0.275860E+03
   72         0.307770E+03        0.307770E+03        0.307770E+03
   73         0.329918E+03        0.329918E+03        0.329918E+03
   74         0.342992E+03        0.342992E+03        0.342992E+03
   75         0.347776E+03        0.347776E+03        0.347776E+03
   76         0.345121E+03        0.345121E+03        0.345121E+03
   77         0.335922E+03        0.335922E+03        0.335922E+03
   78         0.321095E+03        0.321095E+03        0.321095E+03
   79         0.301559E+03        0.301559E+03        0.301559E+03
   80         0.278218E+03        0.278218E+03        0.278218E+03
   81         0.251945E+03        0.251945E+03        0.251945E+03
   82         0.223571E+03        0.223571E+03        0.223571E+03
   83         0.193875E+03        0.193875E+03        0.193875E+03
   84         0.163573E+03        0.163573E+03        0.163573E+03
   85         0.133317E+03        0.133317E+03        0.133317E+03
   86         0.103684E+03        0.103684E+03        0.103684E+03
   87         0.751793E+02        0.751793E+02        0.751793E+02
   88         0.482314E+02        0.482314E+02        0.482314E+02
   89         0.231941E+02        0.231941E+02        0.231941E+02
   90         0.347950E+00        0.347950E+00        0.347950E+00
   91        -0.200976E+02       -0.200976E+02       -0.200976E+02
   92        -0.379999E+02       -0.379999E+02       -0.379999E+02
   93        -0.532792E+02       -0.532792E+02       -0.532792E+02
   94        -0.659130E+02       -0.659130E+02       -0.659130E+02
   95        -0.759311E+02       -0.759311E+02       -0.759311E+02
   96        -0.834091E+02       -0.834091E+02       -0.834091E+02
   97        -0.884623E+02       -0.884623E+02       -0.884623E+02
   98        -0.912398E+02       -0.912398E+02       -0.912398E+02
   99        -0.919180E+02       -0.919180E+02       -0.919180E+02
  100        -0.906947E+02       -0.906947E+02       -0.906947E+02
  101        -0.877831E+02       -0.877831E+02       -0.877831E+02
  102        -0.834064E+02       -0.834064E+02       -0.834064E+02
  103        -0.777926E+02       -0.777926E+02       -0.777926E+02
  104        -0.711696E+02       -0.711696E+02       -0.711696E+02
  105        -0.637615E+02       -0.637615E+02       -0.637615E+02
  106        -0.557843E+02       -0.557843E+02       -0.557843E+02
  107        -0.474430E+02       -0.474430E+02       -0.474430E+02
  108        -0.389288E+02       -0.389288E+02       -0.389288E+02
  109        -0.304173E+02       -0.304173E+02       -0.304173E+02
  110        -0.220663E+02       -0.220663E+02       -0.220663E+02
  111        -0.140154E+02       -0.140154E+02       -0.140154E+02
  112        -0.638457E+01       -0.638457E+01       -0.638457E+01
  113         0.725347E+00        0.725347E+00        0.725347E+00
  114         0.723292E+01        0.723292E+01        0.723292E+01
  115         0.130754E+02        0.130754E+02        0.130754E+02
  116         0.182082E+02        0.182082E+02        0.182082E+02
  117         0.226032E+02        0.226032E+02        0.226032E+02
  118         0.262484E+02        0.262484E+02        0.262484E+02
  119         0.291455E+02        0.291455E+02        0.291455E+02
  120         0.313091E+02        0.313091E+02        0.313091E+02
  121         0.327650E+02        0.327650E+02        0.327650E+02
  122         0.335481E+02        0.335481E+02        0.335481E+02
  123         0.337013E+02        0.337013E+02        0.337013E+02
  124         0.332738E+02        0.332738E+02        0.332738E+02
  125         0.323195E+02        0.323195E+02        0.323195E+02
  126         0.308955E+02        0.308955E+02        0.308955E+02
  127         0.290612E+02        0.290612E+02        0.290612E+02
  128         0.268767E+02        0.268767E+02        0.268767E+02
  129         0.244021E+02        0.244021E+02        0.244021E+02
  130         0.216964E+02        0.216964E+02        0.216964E+02
  131         0.188166E+02        0.188166E+02        0.188166E+02
  132         0.158176E+02        0.158176E+02        0.158176E+02
  133         0.127511E+02        0.127511E+02        0.127511E+02
  134         0.966556E+01        0.966556E+01        0.966556E+01
  135         0.660588E+01        0.660588E+01        0.660588E+01
  136         0.361313E+01        0.361313E+01        0.361313E+01
  137         0.724546E+00        0.724546E+00        0.724546E+00
  138        -0.202655E+01       -0.202655E+01       -0.202655E+01
  139        -0.461071E+01       -0.461071E+01       -0.461071E+01
  140        -0.700229E+01       -0.700229E+01       -0.700229E+01
  141        -0.917936E+01       -0.917936E+01       -0.917936E+01
  142        -0.111236E+02       -0.111236E+02       -0.111236E+02
  143        -0.128201E+02       -0.128201E+02       -0.128201E+02
  144        -0.142575E+02       -0.142575E+02       -0.142575E+02
  145        -0.154273E+02       -0.154273E+02       -0.154273E+02
  146        -0.163246E+02       -0.163246E+02       -0.163246E+02
  147        -0.169471E+02       -0.169471E+02       -0.169471E+02
  148        -0.172956E+02       -0.172956E+02       -0.172956E+02
  149        -0.173738E+02       -0.173738E+02       -0.173738E+02
  150        -0.171882E+02       -0.171882E+02       -0.171882E+02
  151        -0.167479E+02       -0.167479E+02       -0.167479E+02
  152        -0.160646E+02       -0.160646E+02       -0.160646E+02
  153        -0.151528E+02       -0.151528E+02       -0.151528E+02
  154        -0.140292E+02       -0.140292E+02       -0.140292E+02
  155        -0.127130E+02       -0.127130E+02       -0.127130E+02
  156        -0.112257E+02       -0.112257E+02       -0.112257E+02
  157        -0.959066E+01       -0.959066E+01       -0.959066E+01
  158        -0.783324E+01       -0.783324E+01       -0.783324E+01
  159        -0.598037E+01       -0.598037E+01       -0.598037E+01
  160        -0.406037E+01       -0.406037E+01       -0.406037E+01
  161        -0.210256E+01       -0.210256E+01       -0.210256E+01
  162        -0.136983E+00       -0.136983E+00       -0.136983E+00
  163         0.180603E+01        0.180603E+01        0.180603E+01
  164         0.369625E+01        0.369625E+01        0.369625E+01
  165         0.550399E+01        0.550399E+01        0.550399E+01
  166         0.720056E+01        0.720056E+01        0.720056E+01
  167         0.875875E+01        0.875875E+01        0.875875E+01
  168         0.101533E+02        0.101533E+02        0.101533E+02
  169         0.113612E+02        0.113612E+02        0.113612E+02
  170         0.123626E+02        0.123626E+02        0.123626E+02
  171         0.131404E+02        0.131404E+02        0.131404E+02
  172         0.136815E+02        0.136815E+02        0.136815E+02
  173         0.139764E+02        0.139764E+02        0.139764E+02
  174         0.140201E+02        0.140201E+02        0.140201E+02
  175         0.138115E+02        0.138115E+02        0.138115E+02
  176         0.133542E+02        0.133542E+02        0.133542E+02
  177         0.126563E+02        0.126563E+02        0.126563E+02
  178         0.117300E+02        0.117300E+02        0.117300E+02
  179         0.105922E+02        0.105922E+02        0.105922E+02
  180         0.926334E+01        0.926334E+01        0.926334E+01
  181         0.776781E+01        0.776781E+01        0.776781E+01
  182         0.613320E+01        0.613320E+01        0.613320E+01
  183         0.438993E+01        0.438993E+01        0.438993E+01
  184         0.257064E+01        0.257064E+01        0.257064E+01
  185         0.709658E+00        0.709658E+00        0.709658E+00
  186        -0.115770E+01       -0.115770E+01       -0.115770E+01
  187        -0.299578E+01       -0.299578E+01       -0.299578E+01
  188        -0.476929E+01       -0.476929E+01       -0.476929E+01
  189        -0.644401E+01       -0.644401E+01       -0.644401E+01
  190        -0.798747E+01       -0.798747E+01       -0.798747E+01
  191        -0.936963E+01       -0.936963E+01       -0.936963E+01
  192        -0.105635E+02       -0.105635E+02       -0.105635E+02
  193        -0.115456E+02       -0.115456E+02       -0.115456E+02
  194        -0.122968E+02       -0.122968E+02       -0.122968E+02
  195        -0.128022E+02       -0.128022E+02       -0.128022E+02
  196        -0.130520E+02       -0.130520E+02       -0.130520E+02
  197        -0.130414E+02       -0.130414E+02       -0.130414E+02
  198        -0.127709E+02       -0.127709E+02       -0.127709E+02
  199        -0.122460E+02       -0.122460E+02       -0.122460E+02
  200        -0.114776E+02       -0.114776E+02       -0.114776E+02
