   50.824159683291903     
   50.752758554782091     
   50.539984398837269     
   50.190705364726256     
   49.712403467558325     
   49.114738335318208     
   48.408873665754612     
   47.606778323897935     
   46.720576210686488     
   45.762005064903718     
   44.742037836054003     
   43.670641912108266     
   42.556656453810938     
   41.407785932288988     
   40.230672690103724     
   39.031014427965125     
   37.813701700035594     
   36.582954776484819     
   35.342463044899475     
   34.095504942764784     
   32.845041305274620     
   31.593795029606202     
   30.344312802966009     
   29.099010239631554     
   27.860202764079968     
   26.630125842997344     
   25.410948945816862     
   24.204782591545996     
   23.013680035788710     
   21.839637105906949     
   20.684590127144851     
   19.550412547499299     
   18.438910815182645     
   17.351820793645782     
   16.290803589440436     
   15.257440629400589     
   14.253229653968415     
   13.279579882825221     
   12.337805882121403     
   11.429120153343083     
   10.554624373810144     
   9.7152995648776255     
   8.9119932296543336     
   8.1454052663178622     
   7.4160747713040731     
   6.7243674202835955     
   6.0704651068606035     
   5.4543599789049946     
   4.8758544576679395     
   4.3345683103111226     
   3.8299492969295086     
   3.3612876002451682     
   2.9277341865967834     
   2.5283178150102130     
   2.1619604806579100     
   1.8274907713086943     
   1.5236558494333230     
   1.2491324898715677     
   1.0025367799464930     
  0.78243412770573795     
  0.58735096145477539     
  0.41578682887188001     
  0.26622704851236995     
  0.13715585554589677     
   2.7069627895360708E-002
  -6.5509579120620109E-002
 -0.14202291798134625     
 -0.20386481067703752     
 -0.25237339138591064     
 -0.28882353540123101     
 -0.31442166762541557     
 -0.33030216039793109     
 -0.33752516642384917     
 -0.33707566084093493     
 -0.32986406130849377     
 -0.31672769984098320     
 -0.29843290467064698     
 -0.27567801129742858     
 -0.24909743152842334     
 -0.21926702804302753     
 -0.18671160430785017     
 -0.15191543225263940     
 -0.11533738661227863     
  -7.7430894270265838E-002
  -3.8668094445922799E-002
   4.3364397350976840E-004
   3.9286990211724965E-002
   7.7217189444070647E-002
  0.11345762512904176     
  0.14716290556126568     
  0.17744115993768103     
  0.20340383173903165     
  0.22422770301981260     
  0.23922084765214288     
  0.24788336025210303     
  0.24995433261450911     
  0.24543893774784026     
  0.23461263866533266     
  0.21800277819308120     
  0.19635097423450693     
  0.17056211949142877     
  0.14164593849378646     
  0.11065747817062233     
   7.8641807880299966E-002
   4.6586903676094027E-002
   1.5386996882924657E-002
  -1.4182957136758174E-002
  -4.1481965963853257E-002
  -6.6007971272274049E-002
  -8.7395063829608668E-002
 -0.10540489298639873     
 -0.11991412420676238     
 -0.13089965396373979     
 -0.13842290521068212     
 -0.14261455452145524     
 -0.14366019694412838     
 -0.14178737051215914     
 -0.13725433619496591     
 -0.13034063474358129     
 -0.12133928654434405     
 -0.11055050835664708     
  -9.8276715224643471E-002
  -8.4818699857017607E-002
  -7.0472662320693241E-002
  -5.5527890188946681E-002
  -4.0264927720794222E-002
  -2.4954056602107352E-002
  -9.8538813214100133E-003
   4.7901192657653765E-003
   1.8747291344738709E-002
   3.1803640372065546E-002
   4.3763810896122080E-002
   5.4453230307486472E-002
   6.3719961582007420E-002
   7.1436214457824970E-002
   7.7499482950886101E-002
   8.1833529053301768E-002
   8.4389504258611400E-002
   8.5147481686941681E-002
   8.4118504312353320E-002
   8.1347057720937394E-002
   7.6913427430409229E-002
   7.0935327705603221E-002
   6.3568109936930753E-002
   5.5003041465371695E-002
   4.5463371447240199E-002
   3.5198120948451352E-002
   2.4473971974039426E-002
   1.3565947039601367E-002
   2.7474715932854516E-003
  -7.7193774302145926E-003
  -1.7592736416170231E-002
  -2.6658368973972342E-002
  -3.4735264880255752E-002
  -4.1679337016688398E-002
  -4.7385174080185721E-002
  -5.1785996756067321E-002
  -5.4852133535203088E-002
  -5.6588349520342376E-002
  -5.7030332780856050E-002
  -5.6240674346819591E-002
  -5.4304584932192271E-002
  -5.1325673937877132E-002
  -4.7421872536948670E-002
  -4.2721614337695051E-002
  -3.7360379065533862E-002
  -3.1477620974426183E-002
  -2.5214054299828627E-002
  -1.8709279187696867E-002
  -1.2099697901682988E-002
  -5.5167115074021165E-003
   9.1487425486848546E-004
   7.0782793502160045E-003
   1.2866025116780496E-002
   1.8181079469254752E-002
   2.2937884239425995E-002
   2.7063275984851663E-002
   3.0497300242541072E-002
   3.3193883898840877E-002
   3.5121357332675164E-002
   3.6262866714617453E-002
   3.6616599048421496E-002
   3.6195809552874020E-002
   3.5028592006087822E-002
   3.3157386773369317E-002
   3.0638200329082359E-002
   2.7539512306035210E-002
   2.3940870549781758E-002
   1.9931225055622049E-002
   1.5606972618750685E-002
   1.1069756353188001E-002
   6.4240690654933296E-003
   1.7747361961492701E-003
  -2.7756122956822571E-003
  -7.1290737692120496E-003
  -1.1194863267969963E-002
  -1.4891409746736518E-002
  -1.8148167298223963E-002
  -2.0907048174061926E-002
  -2.3123426951096603E-002
  -2.4766701142204649E-002
  -2.5820406434812905E-002
  -2.6281956339408420E-002
  -2.6162013235895995E-002
  -2.5483547528969176E-002
  -2.4280661630915953E-002
  -2.2597249044977234E-002
  -2.0485529406995922E-002
  -1.8004520999389803E-002
  -1.5218476805096541E-002
  -1.2195365167850615E-002
  -9.0053849855340658E-003
  -5.7195313460705298E-003
  -2.4082495374120032E-003
   8.5981813300006467E-004
   4.0189914976317557E-003
   7.0076163779348617E-003
   9.7690320038136547E-003
   1.2252427516763408E-002
   1.4413591279756994E-002
   1.6215567644479383E-002
   1.7629193083367200E-002
   1.8633511997753972E-002
   1.9216058523640191E-002
   1.9373006705534445E-002
   1.9109179527700710E-002
   1.8437890235834833E-002
   1.7380609257522762E-002
   1.5966499828053746E-002
   1.4231774872432022E-002
   1.2218901587199247E-002
   9.9756615610647106E-003
   7.5540978353854718E-003
   5.0093679471560071E-003
   2.3985115593676545E-003
  -2.2082605525204751E-004
  -2.7916612560921436E-003
  -5.2589227749894442E-003
  -7.5706509252409212E-003
  -9.6791068691801686E-003
  -1.1541762436646624E-002
  -1.3122132718281306E-002
  -1.4390477254738422E-002
  -1.5324320193254842E-002
  -1.5908771826087763E-002
  -1.6136678041954629E-002
  -1.6008599220503981E-002
  -1.5532616636912985E-002
  -1.4723985083639339E-002
  -1.3604640475397969E-002
  -1.2202606887297350E-002
  -1.0551299311643947E-002
  -8.6887425337208880E-003
  -6.6567331692560490E-003
  -4.4999658023736613E-003
  -2.2651303359180592E-003
