   0.000000    0.000000000000E+00    0.000000    0.131042969263E-01   -0.448958914386E+02    0.100000000000E+31
   0.062000    0.000000000000E+00    0.197933    0.134827892408E-01   -0.252205485059E+02    0.129703051117E+04
   0.124000    0.000000000000E+00    0.395866    0.147207337003E-01   -0.251926737400E+02    0.115121699142E+04
   0.186000    0.000000000000E+00    0.593799    0.171093823007E-01   -0.251348570681E+02    0.102199544235E+04
   0.248000    0.000000000000E+00    0.791732    0.212223874755E-01   -0.250319508112E+02    0.907440594238E+03
   0.310000    0.000000000000E+00    0.989665    0.282173154112E-01   -0.248543379888E+02    0.805856310929E+03
   0.372000    0.000000000000E+00    1.187598    0.404978197153E-01   -0.245406820762E+02    0.715710123391E+03
   0.434000    0.000000000000E+00    1.385531    0.634720766087E-01   -0.239528191634E+02    0.635665963023E+03
   0.496000    0.000000000000E+00    1.583464    0.110689002406E+00   -0.227445331005E+02    0.564559066244E+03
   0.558000    0.000000000000E+00    1.781397    0.221468231964E+00   -0.199106083509E+02    0.501422706698E+03
   0.620000    0.000000000000E+00    1.979330    0.530057828901E+00   -0.120180791884E+02    0.445434731067E+03
   0.682000    0.000000000000E+00    2.177263    0.147495882815E+01    0.121455187385E+02    0.395894645892E+03
   0.744000    0.000000000000E+00    2.375196    0.256184090499E+01    0.399370020346E+02    0.352173426723E+03
   0.806000    0.000000000000E+00    2.573129    0.170480603414E+01    0.180238751184E+02    0.313677511665E+03
   0.868000    0.000000000000E+00    2.771062    0.105616040090E+01    0.143629458880E+01    0.279828070437E+03
   0.930000    0.000000000000E+00    2.968995    0.786453395693E+00   -0.546179427318E+01    0.250054457843E+03
   0.992000    0.000000000000E+00    3.166928    0.683633705022E+00   -0.809195480768E+01    0.223806761616E+03
   1.054000    0.000000000000E+00    3.364861    0.668337526009E+00   -0.848340459413E+01    0.200573260275E+03
   1.116000    0.000000000000E+00    3.562794    0.714746800057E+00   -0.729629897010E+01    0.179898426522E+03
   1.178000    0.000000000000E+00    3.760727    0.815918577441E+00   -0.470834304081E+01    0.161393292915E+03
   1.240000    0.000000000000E+00    3.958660    0.962808699305E+00   -0.951208704074E+00    0.144741453104E+03
   1.302000    0.355271367880E-14    4.156593    0.112235330490E+01    0.312913228600E+01    0.129692515353E+03
   1.364000    0.000000000000E+00    4.354526    0.122340933240E+01    0.571332606353E+01    0.116056101612E+03
   1.426000    0.000000000000E+00    4.552459    0.120698524080E+01    0.529327326116E+01    0.103688754407E+03
   1.488000    0.000000000000E+00    4.750392    0.110663475931E+01    0.272707183088E+01    0.924781159603E+02
   1.550000    0.000000000000E+00    4.948325    0.100950339924E+01    0.243046475968E+00    0.823352906235E+02
   1.612000    0.000000000000E+00    5.146258    0.947251711312E+00   -0.134905422072E+01    0.731833884331E+02
   1.674000    0.000000000000E+00    5.344191    0.914233290785E+00   -0.219353995046E+01    0.649526153045E+02
   1.736000    0.000000000000E+00    5.542124    0.907732731265E+00   -0.235981149148E+01    0.575748722153E+02
   1.798000    0.220268248086E-12    5.740057    0.925437669141E+00   -0.190699428487E+01    0.509823369077E+02
   1.860000    0.247197817771E-10    5.937990    0.961889646883E+00   -0.974700963623E+00    0.451079549913E+02
   1.922000    0.147454315425E-08    6.135923    0.100547071896E+01    0.139914860832E+00    0.398853308801E+02
   1.984000    0.500194694553E-07    6.333856    0.104035589151E+01    0.103211607916E+01    0.352497643080E+02
   2.046000    0.102816108338E-05    6.531789    0.105361122244E+01    0.137111888249E+01    0.311395595010E+02
   2.108000    0.135918584121E-04    6.729722    0.104505789757E+01    0.115236291554E+01    0.274968431801E+02
   2.170000    0.122080171641E-03    6.927655    0.102548455946E+01    0.651772789824E+00    0.242682732139E+02
   2.232000    0.783104423109E-03    7.125588    0.100562246887E+01    0.143797344131E+00    0.214054741620E+02
   2.294000    0.375162895965E-02    7.323521    0.989814190332E+00   -0.260504964956E+00    0.188651450269E+02
   2.356000    0.139665832325E-01    7.521454    0.979413054111E+00   -0.526521129874E+00    0.166088935967E+02
   2.418000    0.418334559066E-01    7.719387    0.975720032404E+00   -0.620974223255E+00    0.146031790324E+02
   2.480000    0.103919584961E+00    7.917320    0.979369671523E+00   -0.527632704305E+00    0.128187622743E+02
   2.542000    0.219792030819E+00    8.115253    0.988709558081E+00   -0.288759270357E+00    0.112303730591E+02
   2.604000    0.404880505138E+00    8.313186    0.999920874890E+00   -0.202377359450E-02    0.981615653411E+01
   2.666000    0.662334579775E+00    8.511119    0.100859167053E+01    0.219735499651E+00    0.855738970952E+01
   2.728000    0.978337093261E+00    8.709052    0.101219198059E+01    0.311814384853E+00    0.743797576350E+01
   2.790000    0.132377672394E+01    8.906985    0.101113473105E+01    0.284774422797E+00    0.644387861449E+01
   2.852000    0.166128460292E+01    9.104918    0.100762809331E+01    0.195090881940E+00    0.556287394659E+01
   2.914000    0.195348447653E+01    9.302851    0.100351081194E+01    0.897900666256E-01    0.478474528992E+01
   2.976000    0.217343072929E+01    9.500784    0.999592021797E+00   -0.104341899746E-01    0.409954755731E+01
   3.038000    0.230693576949E+01    9.698718    0.996305276156E+00   -0.944941052508E-01    0.349864817308E+01
   3.100000    0.235350519801E+01    9.896651    0.994332613453E+00   -0.144945936379E+00    0.297404350644E+01
   3.162000    0.232275593794E+01   10.094584    0.994253623281E+00   -0.146966165895E+00    0.251853321528E+01
   3.224000    0.223089239007E+01   10.292517    0.995989458443E+00   -0.102571349405E+00    0.212533250625E+01
   3.286000    0.209606184143E+01   10.490450    0.998640333479E+00   -0.347738561991E-01    0.178825754449E+01
   3.348000    0.193584699374E+01   10.688383    0.100102014568E+01    0.260909823930E-01    0.150141552709E+01
   3.410000    0.176501308970E+01   10.886316    0.100234060781E+01    0.598622648294E-01    0.125933266469E+01
   3.472000    0.159499682844E+01   11.084249    0.100257684198E+01    0.659039835352E-01    0.105678410164E+01
   3.534000    0.143373667105E+01   11.282182    0.100216763874E+01    0.554381539366E-01    0.888848397016E+00
   3.596000    0.128624211714E+01   11.480115    0.100151742738E+01    0.388083887114E-01    0.750811900356E+00
   3.658000    0.115511426217E+01   11.678048    0.100074354339E+01    0.190156314040E-01    0.638234860342E+00
   3.720000    0.104123344598E+01   11.875981    0.999874237697E+00   -0.321750918325E-02    0.546944945299E+00
   3.782000    0.944336748259E+00   12.073914    0.999069932601E+00   -0.237881713254E-01    0.473059280469E+00
   3.844000    0.863432966707E+00   12.271847    0.998621275677E+00   -0.352628268602E-01    0.413066062675E+00
   3.906000    0.797181729844E+00   12.469780    0.998700685711E+00   -0.332317500760E-01    0.363828464359E+00
   3.968000    0.744064379517E+00   12.667713    0.999208362498E+00   -0.202464970293E-01    0.322697344180E+00
   4.030000    0.702599320588E+00   12.865646    0.999826750128E+00   -0.443060521918E-02    0.287458927028E+00
   4.092000    0.671355856572E+00   13.063579    0.100026729260E+01    0.683672216664E-02    0.256433026946E+00
   4.154000    0.649071947577E+00   13.261512    0.100044179771E+01    0.112999142503E-01    0.228346898613E+00
   4.216000    0.634596701751E+00   13.459445    0.100045578058E+01    0.116575676403E-01    0.202392205827E+00
   4.278000    0.626964436564E+00   13.657378    0.100043038840E+01    0.110080860819E-01    0.178041924551E+00
   4.340000    0.625312252038E+00   13.855311    0.100038398362E+01    0.982111656187E-02    0.155082483119E+00
   4.402000    0.628934313329E+00   14.053244    0.100025336799E+01    0.648037580623E-02    0.133426297657E+00
   4.464000    0.637200697827E+00   14.251177    0.100002547806E+01    0.651906383090E-03    0.113145439377E+00
   4.526000    0.649601395643E+00   14.449110    0.999787901101E+00   -0.542439094748E-02    0.943206808306E-01
   4.588000    0.665676550725E+00   14.647043    0.999667935846E+00   -0.849268216303E-02    0.770873246767E-01
   4.650000    0.685051834234E+00   14.844976    0.999712310996E+00   -0.735782496295E-02    0.615330733270E-01
   4.712000    0.707383347610E+00   15.042909    0.999855762818E+00   -0.368897049135E-02    0.477496380918E-01
   4.774000    0.732386090889E+00   15.240842    0.999982593739E+00   -0.445265828322E-03    0.357694462052E-01
   4.836000    0.759791191502E+00   15.438775    0.100003317420E+01    0.848319846373E-03    0.256141999466E-01
   4.898000    0.789366335611E+00   15.636708    0.100003373603E+01    0.862693164296E-03    0.172577341590E-01
   4.960000    0.820882072877E+00   15.834641    0.100004725203E+01    0.120851900160E-02    0.106642139352E-01
   5.022000    0.854120469009E+00   16.032574    0.100009075469E+01    0.232116027866E-02    0.576759847677E-02
   5.084000    0.888842655105E+00   16.230507    0.100012334827E+01    0.315477600696E-02    0.249766340330E-02
   5.146000    0.924778338808E+00   16.428440    0.100009643223E+01    0.246639497654E-02    0.770309637468E-03
   5.208000    0.961587634010E+00   16.626373    0.100001672192E+01    0.427758513314E-03    0.501480644035E-03
   5.270000    0.998827887712E+00   16.824306    0.999939988195E+00   -0.153473452008E-02    0.160644372226E-02
   5.332000    0.103591625729E+01   17.022239    0.999918964095E+00   -0.207243231121E-02    0.400068236901E-02
   5.394000    0.107208384142E+01   17.220172    0.999952120949E+00   -0.122445377267E-02    0.761291957203E-02
   5.456000    0.110638746535E+01   17.418105    0.999994711658E+00   -0.135136910611E-03    0.123574530463E-01
   5.518000    0.113762865006E+01   17.616038    0.100000512503E+01    0.131130012201E-03    0.182169411565E-01
   5.580000    0.116507493170E+01   17.813971    0.999986437102E+00   -0.346902364196E-03    0.246557559335E-01
   5.642000    0.119058491586E+01   18.011904    0.999973376890E+00   -0.681010605399E-03    0.289591194411E-01
   5.704000    0.121396749264E+01   18.209837    0.999991745821E+00   -0.211287163218E-03    0.303337878095E-01
   5.766000    0.123360037999E+01   18.407770    0.100002773280E+01    0.709033057980E-03    0.292838157887E-01
   5.828000    0.124797719491E+01   18.605703    0.100004656642E+01    0.119067332272E-02    0.263593637778E-01
   5.890000    0.125569711748E+01   18.803636    0.100002943161E+01    0.752445926998E-03    0.222634421565E-01
   5.952000    0.125588025406E+01   19.001569    0.999994391493E+00   -0.143426153814E-03    0.176022133722E-01
   6.014000    0.124816536338E+01   19.199502    0.999974215158E+00   -0.659379440999E-03    0.129378747854E-01
   6.076000    0.123283752751E+01   19.397435    0.999983998779E+00   -0.409113200154E-03    0.868433275465E-02
   6.138000    0.121069906539E+01   19.595368    0.100000689396E+01    0.176467626947E-03    0.515304145900E-02
   6.200000    0.118299459937E+01   19.793301    0.100001610459E+01    0.412039749303E-03    0.251309970167E-02
   6.262000    0.115121087429E+01   19.991234    0.100000223658E+01    0.573505994937E-04    0.831615902211E-03
   6.324000    0.111693408561E+01   20.189167    0.999982612473E+00   -0.444571111882E-03    0.699700229527E-04
   6.386000    0.108168995680E+01   20.387100    0.999979427307E+00   -0.526068281050E-03    0.117214910387E-03
   6.448000    0.104684356993E+01   20.585033    0.999996601311E+00   -0.868059209140E-04    0.807390853019E-03
   6.510000    0.101353447879E+01   20.782966    0.100001560718E+01    0.399239870099E-03    0.194329102920E-02
   6.572000    0.982646092179E+00   20.980899    0.100001753422E+01    0.448484129740E-03    0.332329482608E-02
   6.634000    0.954818249216E+00   21.178832    0.100000201258E+01    0.514853383581E-04    0.475230560730E-02
   6.696000    0.930459604558E+00   21.376765    0.999987056835E+00   -0.331021096820E-03    0.606864518946E-02
   6.758000    0.909795412535E+00   21.574698    0.999988013811E+00   -0.306562733095E-03    0.714046230732E-02
   6.820000    0.892890218383E+00   21.772631    0.100000274435E+01    0.701589902720E-04    0.788674841796E-02
   6.882000    0.879699324334E+00   21.970564    0.100001445364E+01    0.369626692868E-03    0.826098258100E-02
   6.944000    0.870084817908E+00   22.168497    0.100001103741E+01    0.282346951111E-03    0.826492627398E-02
   7.006000    0.863857369977E+00   22.366430    0.999996676968E+00   -0.848960016748E-04    0.792469964011E-02
   7.068000    0.860781959476E+00   22.564363    0.999987022695E+00   -0.331781540403E-03    0.729949313063E-02
   7.130000    0.860607583236E+00   22.762296    0.999991305713E+00   -0.222213185001E-03    0.645645010320E-02
   7.192000    0.863065491776E+00   22.960229    0.100000373780E+01    0.957097972879E-04    0.547733176589E-02
   7.254000    0.867888967242E+00   23.158162    0.100001017383E+01    0.260349466065E-03    0.443715423351E-02
   7.316000    0.874807556020E+00   23.356095    0.100000430785E+01    0.110408355720E-03    0.341071804719E-02
   7.378000    0.883559521348E+00   23.554028    0.999993218102E+00   -0.173196515397E-03    0.245733300011E-02
   7.440000    0.893885096532E+00   23.751961    0.999989453246E+00   -0.269467954006E-03    0.162753108191E-02
   7.502000    0.905533777570E+00   23.949894    0.999996904009E+00   -0.790364900682E-04    0.953984457213E-03
   7.564000    0.918258399932E+00   24.147827    0.100000768599E+01    0.196518672786E-03    0.457746705482E-03
   7.626000    0.931818762177E+00   24.345760    0.100001058304E+01    0.270352501503E-03    0.144282069145E-03
   7.688000    0.945977696148E+00   24.543693    0.100000336331E+01    0.854394790286E-04    0.839702941404E-05
   7.750000    0.960502277890E+00   24.741626    0.999994093339E+00   -0.151886506712E-03    0.339974888736E-04
   7.812000    0.975162439096E+00   24.939559    0.999992430798E+00   -0.194566611140E-03    0.197161058506E-03
   7.874000    0.989730807449E+00   25.137492    0.999999020328E+00   -0.260776030212E-04    0.468403174653E-03
   7.936000    0.100398428222E+01   25.335425    0.100000586151E+01    0.149910845013E-03    0.813753278988E-03
   7.998000    0.101770357110E+01   25.533358    0.100000524551E+01    0.134305776235E-03    0.119860314029E-02
   8.060000    0.103067779989E+01   25.731291    0.999998164828E+00   -0.466678302530E-04    0.158699641048E-02
   8.122000    0.104270405661E+01   25.929224    0.999992515870E+00   -0.191071303441E-03    0.194641760354E-02
   8.184000    0.105359437094E+01   26.127157    0.999994562106E+00   -0.138718998496E-03    0.224570156819E-02
   8.246000    0.106317493417E+01   26.325090    0.100000206126E+01    0.530475305502E-04    0.246030927545E-02
   8.308000    0.107129350030E+01   26.523023    0.100000730986E+01    0.187218611260E-03    0.256941730422E-02
   8.370000    0.107781741757E+01   26.720956    0.100000517888E+01    0.132635406894E-03    0.256139626575E-02
   8.432000    0.108263798125E+01   26.918889    0.999998550868E+00   -0.369110322410E-04    0.243289092338E-02
   8.494000    0.108566439626E+01   27.116822    0.999994548958E+00   -0.139333291984E-03    0.219735788988E-02
   8.556000    0.108683378062E+01   27.314755    0.999997018447E+00   -0.762303220610E-04    0.187880095798E-02
   8.618000    0.108611527940E+01   27.512688    0.100000250352E+01    0.640284307288E-04    0.151113797736E-02
   8.680000    0.108352261711E+01   27.710621    0.100000467486E+01    0.119566733178E-03    0.112964181917E-02
   8.742000    0.107911772650E+01   27.908554    0.100000111075E+01    0.283831343253E-04    0.769640058437E-03
   8.804000    0.107301816436E+01   28.106487    0.999995889128E+00   -0.105183634575E-03    0.459935626936E-03
   8.866000    0.106539494368E+01   28.304420    0.999994708402E+00   -0.135385918328E-03    0.222540382575E-03
   8.928000    0.105647051709E+01   28.502353    0.999998915425E+00   -0.277210142302E-04    0.693899888526E-04
   8.990000    0.104650903529E+01   28.700287    0.100000408516E+01    0.104508138492E-03    0.347476400638E-05
   9.052000    0.103580547159E+01   28.898220    0.100000506219E+01    0.129501429916E-03    0.187634776415E-04
   9.114000    0.102467121227E+01   29.096153    0.100000120484E+01    0.308511223981E-04    0.102179356029E-03
   9.176000    0.101341940895E+01   29.294086    0.999996920882E+00   -0.787175167909E-04    0.235780849818E-03
   9.238000    0.100235160304E+01   29.492019    0.999996581933E+00   -0.873833181964E-04    0.398629240464E-03
   9.300000    0.991744925839E+00   29.689952    0.100000006886E+01    0.180402462253E-05    0.569958542124E-03
   9.362000    0.981844047171E+00   29.887885    0.100000310036E+01    0.793346198036E-04    0.730058258500E-03
   9.424000    0.972853572948E+00   30.085818    0.100000223469E+01    0.572303333704E-04    0.863329437083E-03
   9.486000    0.964936487630E+00   30.283751    0.999998443951E+00   -0.397396134579E-04    0.957730856683E-03
   9.548000    0.958211815924E+00   30.481684    0.999995976693E+00   -0.102873722033E-03    0.100708621650E-02
   9.610000    0.952757981432E+00   30.679617    0.999997560429E+00   -0.624112977483E-04    0.100918792533E-02
   9.672000    0.948614066476E+00   30.877550    0.100000163358E+01    0.417210551898E-04    0.967240222627E-03
   9.734000    0.945785696015E+00   31.075483    0.100000403236E+01    0.103030820057E-03    0.887139040149E-03
   9.796000    0.944247806169E+00   31.273416    0.100000253159E+01    0.646154235955E-04    0.778291230307E-03
   9.858000    0.943950944265E+00   31.471349    0.999998960512E+00   -0.267312590814E-04    0.650747226574E-03
   9.920000    0.944824184529E+00   31.669282    0.999997124857E+00   -0.735264318273E-04    0.515742568092E-03
   9.982000    0.946780643160E+00   31.867215    0.999998638068E+00   -0.348078201415E-04    0.383261105535E-03
  10.044000    0.949719853413E+00   32.065148    0.100000143712E+01    0.367913166867E-04    0.262555082510E-03
  10.106000    0.953531954104E+00   32.263081    0.100000220466E+01    0.564285477859E-04    0.160469534181E-03
  10.168000    0.958099492082E+00   32.461014    0.100000009994E+01    0.260101995683E-05    0.820381179013E-04
  10.230000    0.963300354133E+00   32.658947    0.999997500557E+00   -0.638816624168E-04    0.296425286709E-04
  10.292000    0.969009117753E+00   32.856880    0.999997363171E+00   -0.674027306990E-04    0.363671551709E-05
  10.354000    0.975098986901E+00   33.054813    0.999999951029E+00   -0.122698896975E-05    0.223381071852E-05
  10.416000    0.981443017630E+00   33.252746    0.100000266047E+01    0.680975531403E-04    0.220441764378E-04
  10.478000    0.987915424755E+00   33.450679    0.100000279492E+01    0.715240471428E-04    0.584894709512E-04
  10.540000    0.994392927525E+00   33.648612    0.100000041676E+01    0.106853575734E-04    0.106139607810E-03
  10.602000    0.100075572189E+01   33.846545    0.999998098829E+00   -0.486119245493E-04    0.159437783554E-03
  10.664000    0.100688913939E+01   34.044478    0.999998134495E+00   -0.477083469986E-04    0.212761650575E-03
  10.726000    0.101268452830E+01   34.242411    0.100000012561E+01    0.320338422825E-05    0.261271549265E-03
  10.788000    0.101804121609E+01   34.440344    0.100000164263E+01    0.419893980203E-04    0.300674837456E-03
  10.850000    0.102286736822E+01   34.638277    0.100000094366E+01    0.241070671879E-04    0.328055510645E-03
  10.912000    0.102708213842E+01   34.836210    0.999998863961E+00   -0.290306541376E-04    0.341369251382E-03
  10.974000    0.103061647284E+01   35.034143    0.999997779884E+00   -0.567479377526E-04    0.340159723520E-03
  11.036000    0.103341519069E+01   35.232076    0.999998993333E+00   -0.257065575747E-04    0.324847417422E-03
  11.098000    0.103543753640E+01   35.430009    0.100000132009E+01    0.338104534831E-04    0.297279458951E-03
  11.160000    0.103665892508E+01   35.627942    0.100000241738E+01    0.618672936544E-04    0.259896984096E-03
  11.222000    0.103707110970E+01   35.825875    0.100000125463E+01    0.321356423594E-04    0.216099634605E-03
  11.284000    0.103668324454E+01   36.023808    0.999999152312E+00   -0.216081852916E-04    0.169380640182E-03
  11.346000    0.103552141206E+01   36.221741    0.999998266899E+00   -0.442403927396E-04    0.123512370283E-03
  11.408000    0.103362869773E+01   36.419674    0.999999308282E+00   -0.175709548107E-04    0.817682768856E-04
  11.470000    0.103106389252E+01   36.617607    0.100000088954E+01    0.228467503760E-04    0.470258128058E-04
  11.532000    0.102790040480E+01   36.815540    0.100000116354E+01    0.298064033264E-04    0.212324563998E-04
  11.594000    0.102422409590E+01   37.013473    0.999999844833E+00   -0.399042290987E-05    0.552422002642E-05
  11.656000    0.102013116021E+01   37.211406    0.999998463777E+00   -0.393889119323E-04    0.175805259500E-07
  11.718000    0.101572536075E+01   37.409339    0.999998626994E+00   -0.352939614861E-04    0.397422577828E-05
  11.780000    0.101111517543E+01   37.607272    0.100000027128E+01    0.669376707812E-05    0.159005178296E-04
  11.842000    0.100641080976E+01   37.805205    0.100000174378E+01    0.443170141757E-04    0.337211422863E-04
  11.904000    0.100172112501E+01   38.003138    0.100000157722E+01    0.403421990471E-04    0.550906240464E-04
  11.966000    0.997150949812E+00   38.201071    0.100000004744E+01    0.123746342522E-05    0.775041610565E-04
  12.028000    0.992798288376E+00   38.399004    0.999998765027E+00   -0.315458967058E-04    0.986953615000E-04
  12.090000    0.988752252485E+00   38.596937    0.999998954317E+00   -0.266956430183E-04    0.116618521232E-03
  12.152000    0.985091019830E+00   38.794870    0.100000019195E+01    0.495979255154E-05    0.129826413466E-03
  12.214000    0.981880699382E+00   38.992803    0.100000097249E+01    0.249192976643E-04    0.137298100297E-03
  12.276000    0.979174135347E+00   39.190736    0.100000040358E+01    0.103606013823E-04    0.138733464136E-03
  12.338000    0.977010697127E+00   39.388669    0.999999153139E+00   -0.216311575187E-04    0.134251095768E-03
