   0.000000    0.000000000000E+00    0.000000    0.107131095956E-01   -0.116359047166E+03    0.100000000000E+31
   0.062000    0.000000000000E+00    0.197933    0.108173003207E-01   -0.253494325949E+02    0.414104026397E+04
   0.124000    0.000000000000E+00    0.395866    0.114596775005E-01   -0.252924295136E+02    0.201559145230E+04
   0.186000    0.000000000000E+00    0.593799    0.129024209949E-01   -0.252467516241E+02    0.130701348781E+04
   0.248000    0.000000000000E+00    0.791732    0.152876852722E-01   -0.251828916878E+02    0.952895874710E+03
   0.310000    0.000000000000E+00    0.989665    0.192278723510E-01   -0.250840421935E+02    0.740729918575E+03
   0.372000    0.000000000000E+00    1.187598    0.257766347490E-01   -0.249165575888E+02    0.599643587326E+03
   0.434000    0.000000000000E+00    1.385531    0.373806139130E-01   -0.246192151404E+02    0.499243300701E+03
   0.496000    0.000000000000E+00    1.583464    0.603929735327E-01   -0.240288734529E+02    0.424314421344E+03
   0.558000    0.000000000000E+00    1.781397    0.112842177348E+00   -0.226870870428E+02    0.366388630774E+03
   0.620000    0.000000000000E+00    1.979330    0.278604495694E+00   -0.184486551063E+02    0.320371316273E+03
   0.682000    0.000000000000E+00    2.177263    0.133593725245E+01    0.859234635695E+01    0.283011838319E+03
   0.744000    0.000000000000E+00    2.375196    0.381729583564E+01    0.720800296951E+02    0.252133754364E+03
   0.806000    0.000000000000E+00    2.573129    0.140558347595E+01    0.103745231629E+02    0.226223471444E+03
   0.868000    0.000000000000E+00    2.771062    0.839180886019E+00   -0.411318752661E+01    0.204194021542E+03
   0.930000    0.000000000000E+00    2.968995    0.614320044099E+00   -0.986406499259E+01    0.185245399971E+03
   0.992000    0.000000000000E+00    3.166928    0.558542799108E+00   -0.112904695171E+02    0.168774003615E+03
   1.054000    0.000000000000E+00    3.364861    0.589478401685E+00   -0.104993289485E+02    0.154315893509E+03
   1.116000    0.000000000000E+00    3.562794    0.668294227183E+00   -0.848341207966E+01    0.141510242927E+03
   1.178000    0.000000000000E+00    3.760727    0.837850249830E+00   -0.414692896976E+01    0.130070423234E+03
   1.240000    0.000000000000E+00    3.958660    0.105420387300E+01    0.138620228718E+01    0.119769274163E+03
   1.302000    0.000000000000E+00    4.156593    0.126859403438E+01    0.686903473959E+01    0.110422737442E+03
   1.364000    0.000000000000E+00    4.354526    0.136781577609E+01    0.940681438936E+01    0.101881673753E+03
   1.426000    0.000000000000E+00    4.552459    0.125026104853E+01    0.640090378705E+01    0.940264074843E+02
   1.488000    0.000000000000E+00    4.750392    0.103470756363E+01    0.887646275401E+00    0.867585437397E+02
   1.550000    0.000000000000E+00    4.948325    0.901897625710E+00   -0.250880569750E+01    0.799976953559E+02
   1.612000    0.000000000000E+00    5.146258    0.859115527833E+00   -0.360307154788E+01    0.736809377194E+02
   1.674000    0.142108547152E-13    5.344191    0.854776888445E+00   -0.371416218218E+01    0.677569171853E+02
   1.736000    0.447641923529E-12    5.542124    0.879689305062E+00   -0.307708260451E+01    0.621849786196E+02
   1.798000    0.111626263788E-10    5.740057    0.938037453730E+00   -0.158475504365E+01    0.569344020801E+02
   1.860000    0.214892992290E-09    5.937990    0.101604727874E+01    0.410420770108E+00    0.519824393038E+02
   1.922000    0.328142846229E-08    6.135923    0.107729278122E+01    0.197684005735E+01    0.473131139876E+02
   1.984000    0.402594757531E-07    6.333856    0.110679152215E+01    0.273134714985E+01    0.429166221865E+02
   2.046000    0.400363962427E-06    6.531789    0.107697862226E+01    0.196884825916E+01    0.387872597073E+02
   2.108000    0.325321595795E-05    6.729722    0.102841995086E+01    0.726872919637E+00    0.349197673616E+02
   2.170000    0.217904248139E-04    6.927655    0.988111986662E+00   -0.304038122785E+00    0.313078038045E+02
   2.232000    0.121437918384E-03    7.125588    0.963140874672E+00   -0.942661655786E+00    0.279442185660E+02
   2.294000    0.568581566871E-03    7.323521    0.956734398104E+00   -0.110649841365E+01    0.248211611974E+02
   2.356000    0.225818463288E-02    7.521454    0.958016899678E+00   -0.107370615660E+01    0.219305719555E+02
   2.418000    0.768367105850E-02    7.719387    0.971395084424E+00   -0.731569362881E+00    0.192637990641E+02
   2.480000    0.226148031272E-01    7.917320    0.995759260965E+00   -0.108457191547E+00    0.168122517165E+02
   2.542000    0.581375558582E-01    8.115253    0.101565333222E+01    0.400341792612E+00    0.145669607575E+02
   2.604000    0.131759280228E+00    8.313186    0.102953247087E+01    0.755311535007E+00    0.125191741198E+02
   2.666000    0.265659708082E+00    8.511119    0.102648781469E+01    0.677442645654E+00    0.106600221703E+02
   2.728000    0.480722836758E+00    8.709052    0.101380383493E+01    0.353040741733E+00    0.898072472918E+01
   2.790000    0.787164853901E+00    8.906985    0.100305980487E+01    0.782555044032E-01    0.747274333064E+01
   2.852000    0.117571358891E+01    9.104918    0.993425064223E+00   -0.168157188529E+00    0.612750521884E+01
   2.914000    0.161372646208E+01    9.302851    0.989876039283E+00   -0.258924838837E+00    0.493667208106E+01
   2.976000    0.204858097266E+01    9.500784    0.988256087864E+00   -0.300355443226E+00    0.389257697800E+01
   3.038000    0.242494792145E+01    9.698718    0.988403484112E+00   -0.296585550615E+00    0.298558031258E+01
   3.100000    0.269583266138E+01    9.896651    0.994702986894E+00   -0.135473223996E+00    0.220672805664E+01
   3.162000    0.283438095493E+01   10.094584    0.100024328426E+01    0.622251907859E-02    0.154701126609E+01
   3.224000    0.283872200508E+01   10.292517    0.100614381567E+01    0.157132245214E+00    0.997002024818E+00
   3.286000    0.272647813147E+01   10.490450    0.100831348788E+01    0.212623424010E+00    0.547573013627E+00
   3.348000    0.252837998692E+01   10.688383    0.100527639290E+01    0.134947394074E+00    0.189362229054E+00
   3.410000    0.227816851869E+01   10.886316    0.100305637970E+01    0.781684728995E-01   -0.866713984619E-01
   3.472000    0.200707690211E+01   11.084249    0.999770944456E+00   -0.585808066447E-02   -0.289688241006E+00
   3.534000    0.173912606025E+01   11.282182    0.998253173857E+00   -0.446758472124E-01   -0.428577512292E+00
   3.596000    0.149072611229E+01   11.480115    0.998088315877E+00   -0.488926585755E-01   -0.512257145117E+00
   3.658000    0.127098072281E+01   11.678048    0.996498191618E+00   -0.895612402481E-01   -0.549443715280E+00
   3.720000    0.108353405949E+01   11.875981    0.997606273421E+00   -0.612222097574E-01   -0.548741447741E+00
   3.782000    0.928268060763E+00   12.073914    0.998534218901E+00   -0.374899147018E-01   -0.518522406133E+00
   3.844000    0.802775143514E+00   12.271847    0.100006497298E+01    0.165989255523E-02   -0.466704295541E+00
   3.906000    0.703691291635E+00   12.469780    0.100217261420E+01    0.555641499806E-01   -0.400746893291E+00
   3.968000    0.627203857230E+00   12.667713    0.100155359971E+01    0.397341469216E-01   -0.327092991228E+00
   4.030000    0.569807387403E+00   12.865646    0.100140339013E+01    0.358928947056E-01   -0.251335405440E+00
   4.092000    0.528213694596E+00   13.063579    0.100053860438E+01    0.137758677332E-01   -0.177560888963E+00
   4.154000    0.499776791315E+00   13.261512    0.999558409485E+00   -0.112929411197E-01   -0.108868742543E+00
   4.216000    0.482156496242E+00   13.459445    0.100016857887E+01    0.431256551956E-02   -0.468519749687E-01
   4.278000    0.473619874705E+00   13.657378    0.999333754943E+00   -0.170384514427E-01    0.752931796684E-02
   4.340000    0.472646542178E+00   13.855311    0.999398535640E+00   -0.153817663440E-01    0.543545175084E-01
   4.402000    0.478193886926E+00   14.053244    0.999495231705E+00   -0.129089580842E-01    0.937962390140E-01
   4.464000    0.489321861938E+00   14.251177    0.999205108795E+00   -0.203291066256E-01    0.126566160988E+00
   4.526000    0.505441766400E+00   14.449110    0.100036722741E+01    0.939228969410E-02    0.153134808628E+00
   4.588000    0.525984115801E+00   14.647043    0.100031692192E+01    0.810547628172E-02    0.174235363714E+00
   4.650000    0.550629617835E+00   14.844976    0.100040204566E+01    0.102824129544E-01    0.190284312053E+00
   4.712000    0.579021962006E+00   15.042909    0.100051410091E+01    0.131483259589E-01    0.201868423036E+00
   4.774000    0.610977767394E+00   15.240842    0.999684417392E+00   -0.807130471620E-02    0.209311836243E+00
   4.836000    0.646241460881E+00   15.438775    0.100017553973E+01    0.448933299484E-02    0.213085764391E+00
   4.898000    0.684667025013E+00   15.636708    0.999979643250E+00   -0.520779565738E-03    0.213482874460E+00
   4.960000    0.726018720714E+00   15.834641    0.999863558658E+00   -0.348949519690E-02    0.210922553593E+00
   5.022000    0.770116140673E+00   16.032574    0.100016965937E+01    0.433921505372E-02    0.205717450086E+00
   5.084000    0.816684046701E+00   16.230507    0.999531450751E+00   -0.119832524401E-01    0.198276096101E+00
   5.146000    0.865453505121E+00   16.428440    0.999943300136E+00   -0.144998496871E-02    0.188951396400E+00
   5.208000    0.916067438918E+00   16.626373    0.100004673491E+01    0.119538217998E-02    0.178147487265E+00
   5.270000    0.968117568401E+00   16.824306    0.999937317282E+00   -0.160299012464E-02    0.166253583670E+00
   5.332000    0.102111037969E+01   17.022239    0.100040708156E+01    0.104114776881E-01    0.153659034164E+00
   5.394000    0.107441152751E+01   17.220172    0.999848026720E+00   -0.388667563194E-02    0.140773926924E+00
   5.456000    0.112728687392E+01   17.418105    0.999987780759E+00   -0.312358402879E-03    0.127945851326E+00
   5.518000    0.117870199708E+01   17.616038    0.100007799732E+01    0.199486200665E-02    0.115593711381E+00
   5.580000    0.122750659522E+01   17.813971    0.999823520576E+00   -0.451360879430E-02    0.103990711680E+00
   5.642000    0.127203723452E+01   18.011904    0.100027956346E+01    0.714973624033E-02    0.935632379814E-01
   5.704000    0.131061915089E+01   18.209837    0.999890165311E+00   -0.280935741796E-02    0.844714099827E-01
   5.766000    0.134122795507E+01   18.407770    0.999884350698E+00   -0.295813767466E-02    0.769360179561E-01
   5.828000    0.136815524846E+01   18.605703    0.100007289827E+01    0.186401477215E-02    0.664451482643E-01
   5.890000    0.139312647997E+01   18.803636    0.999775274150E+00   -0.574783871668E-02    0.506347479380E-01
   5.952000    0.141194395470E+01   19.001569    0.100022681349E+01    0.580088134092E-02    0.315321271491E-01
   6.014000    0.142110436024E+01   19.199502    0.100001900163E+01    0.486079811453E-03    0.107851516403E-01
   6.076000    0.141725178797E+01   19.397435    0.999912514714E+00   -0.223731222424E-02   -0.966875389793E-02
   6.138000    0.139870632374E+01   19.595368    0.100012851244E+01    0.328696928742E-02   -0.284204692052E-01
   6.200000    0.136518858869E+01   19.793301    0.999789727393E+00   -0.537760020929E-02   -0.442386462522E-01
   6.262000    0.131824600565E+01   19.991234    0.100013043199E+01    0.333608366882E-02   -0.564023692188E-01
   6.324000    0.126065369420E+01   20.189167    0.100007224643E+01    0.184793540061E-02   -0.644940445846E-01
   6.386000    0.119606697433E+01   20.387100    0.999886244780E+00   -0.290918484862E-02   -0.685028168207E-01
   6.448000    0.112832682763E+01   20.585033    0.100013729133E+01    0.351148422795E-02   -0.686950847885E-01
   6.510000    0.106099965604E+01   20.782966    0.999805378041E+00   -0.497740785086E-02   -0.655844742253E-01
   6.572000    0.997032793292E+00   20.980899    0.100003609137E+01    0.923114489933E-03   -0.598534556753E-01
   6.634000    0.938577652235E+00   21.178832    0.100010311901E+01    0.263732467046E-02   -0.522476178381E-01
   6.696000    0.887034980129E+00   21.376765    0.999889826467E+00   -0.281773059495E-02   -0.435381236731E-01
   6.758000    0.843107213222E+00   21.574698    0.100015317752E+01    0.391757554873E-02   -0.343971349138E-01
   6.820000    0.807007987509E+00   21.772631    0.999872237070E+00   -0.326761538922E-02   -0.254127751230E-01
   6.882000    0.778552262164E+00   21.970564    0.999970161064E+00   -0.763158167704E-03   -0.169855453510E-01
   6.944000    0.757352153968E+00   22.168497    0.100012267486E+01    0.313756015369E-02   -0.939620280625E-02
   7.006000    0.742863620809E+00   22.366430    0.999885762734E+00   -0.292152138903E-02   -0.274449189895E-02
   7.068000    0.734513725955E+00   22.564363    0.100014007199E+01    0.358257133502E-02    0.295340970997E-02
   7.130000    0.731701778188E+00   22.762296    0.999929930165E+00   -0.179180266124E-02    0.779597857570E-02
   7.192000    0.733874233699E+00   22.960229    0.999914694595E+00   -0.218155747265E-02    0.119016147600E-01
   7.254000    0.740498952988E+00   23.158162    0.100011536253E+01    0.295070993029E-02    0.154301580271E-01
   7.316000    0.751104685988E+00   23.356095    0.999885927058E+00   -0.291705354133E-02    0.185125767950E-01
   7.378000    0.765250276195E+00   23.554028    0.100011056280E+01    0.282806378496E-02    0.212738367847E-01
   7.440000    0.782543372431E+00   23.751961    0.999999059928E+00   -0.237098008120E-04    0.237919607449E-01
   7.502000    0.802612394480E+00   23.949894    0.999891439937E+00   -0.277639850594E-02    0.261215112541E-01
   7.564000    0.825112858565E+00   24.147827    0.100011489466E+01    0.293824204780E-02    0.282752587399E-01
   7.626000    0.849704646381E+00   24.345760    0.999898572974E+00   -0.259466175408E-02    0.302449104054E-01
   7.688000    0.876051300062E+00   24.543693    0.100007138616E+01    0.182478250252E-02    0.319962152300E-01
   7.750000    0.903804252286E+00   24.741626    0.100004983595E+01    0.127334257869E-02    0.334835023142E-01
   7.812000    0.932598356494E+00   24.939559    0.999879919604E+00   -0.307250138088E-02    0.346521783683E-01
   7.874000    0.962044181219E+00   25.137492    0.100009704458E+01    0.248054261109E-02    0.354462007566E-01
   7.936000    0.991723232799E+00   25.335425    0.999913004505E+00   -0.222494878775E-02    0.358139857168E-01
   7.998000    0.102118948731E+01   25.533358    0.100001957043E+01    0.500709044553E-03    0.357095651083E-01
   8.060000    0.104996718742E+01   25.731291    0.100008733886E+01    0.223407472732E-02    0.350999910075E-01
   8.122000    0.107756188855E+01   25.929224    0.999886625123E+00   -0.289916157485E-02    0.339618180757E-01
   8.184000    0.110346316893E+01   26.127157    0.100008670370E+01    0.221798122723E-02    0.322887909129E-01
   8.246000    0.112716456544E+01   26.325090    0.999944039619E+00   -0.143071993005E-02    0.300855357806E-01
   8.308000    0.114817136711E+01   26.523023    0.999978190549E+00   -0.557354867204E-03    0.273750191814E-01
   8.370000    0.116602667327E+01   26.720956    0.100010768033E+01    0.275430429012E-02    0.241908997341E-01
   8.432000    0.118032194441E+01   26.918889    0.999900651446E+00   -0.254060121018E-02    0.205844316273E-01
   8.494000    0.119072300706E+01   27.116822    0.100006446183E+01    0.164880435560E-02    0.166169098350E-01
   8.556000    0.119697757817E+01   27.314755    0.999973516754E+00   -0.677266403054E-03    0.123657448580E-01
   8.618000    0.119893286505E+01   27.512688    0.999935703509E+00   -0.164442406503E-02    0.791800976719E-02
   8.680000    0.119653356920E+01   27.710621    0.100010857714E+01    0.277692674161E-02    0.337617791859E-02
   8.742000    0.118982041523E+01   27.908554    0.999918958619E+00   -0.207271458848E-02   -0.114096361516E-02
   8.804000    0.117891654618E+01   28.106487    0.100004493745E+01    0.114923246804E-02   -0.548993093383E-02
   8.866000    0.116404520521E+01   28.304420    0.100001155023E+01    0.295341808792E-03   -0.952187299393E-02
   8.928000    0.114553874953E+01   28.502353    0.999915167941E+00   -0.216958490388E-02   -0.130959413938E-01
   8.990000    0.112384977812E+01   28.700287    0.100010188713E+01    0.260585322100E-02   -0.160968736550E-01
   9.052000    0.109954670872E+01   28.898220    0.999942740983E+00   -0.146437708448E-02   -0.184431384359E-01
   9.114000    0.107330200842E+01   29.096153    0.100001896235E+01    0.485027783704E-03   -0.200940756224E-01
   9.176000    0.104586576197E+01   29.294086    0.100004140453E+01    0.105898280979E-02   -0.210496574054E-01
   9.238000    0.101803001910E+01   29.492019    0.999899952053E+00   -0.255871324876E-02   -0.213467842547E-01
   9.300000    0.990587442575E+00   29.689952    0.100008037839E+01    0.205579006384E-02   -0.210524007237E-01
   9.362000    0.964287655718E+00   29.887885    0.999962597631E+00   -0.956515238402E-03   -0.202527970372E-01
   9.424000    0.939801529449E+00   30.085818    0.999992874053E+00   -0.182139533592E-03   -0.190449785410E-01
   9.486000    0.917690620445E+00   30.283751    0.100006778663E+01    0.173374417359E-02   -0.175244421971E-01
   9.548000    0.898393090946E+00   30.481684    0.999905758835E+00   -0.241024160102E-02   -0.157793894754E-01
   9.610000    0.882216878045E+00   30.679617    0.100006084613E+01    0.155611805519E-02   -0.138823963160E-01
   9.672000    0.869348105963E+00   30.877550    0.999988460429E+00   -0.295232394576E-03   -0.118900658613E-01
   9.734000    0.859862442717E+00   31.075483    0.999968873839E+00   -0.796215432959E-03   -0.984031498683E-02
   9.796000    0.853744774004E+00   31.273416    0.100008229635E+01    0.210458163499E-02   -0.775679781866E-02
   9.858000    0.850905980784E+00   31.471349    0.999916090972E+00   -0.214620785708E-02   -0.565053652741E-02
   9.920000    0.851201902124E+00   31.669282    0.100003348050E+01    0.856290290777E-03   -0.352646802469E-02
   9.982000    0.854446327395E+00   31.867215    0.100000678019E+01    0.173439550568E-03   -0.138618496833E-02
  10.044000    0.860424011756E+00   32.065148    0.999945997168E+00   -0.138109789226E-02    0.766073775713E-03
  10.106000    0.868897661143E+00   32.263081    0.100008557635E+01    0.218871194346E-02    0.292193664395E-02
  10.168000    0.879614960985E+00   32.461014    0.999938224165E+00   -0.157988391853E-02    0.506542989009E-02
  10.230000    0.892311122023E+00   32.658947    0.100001260728E+01    0.322500601540E-03    0.717336204144E-02
  10.292000    0.906711505803E+00   32.856880    0.100003010025E+01    0.769885393405E-03    0.921476103450E-02
  10.354000    0.922531853609E+00   33.054813    0.999933631631E+00   -0.169735369835E-02    0.111525909442E-01
  10.416000    0.939478509962E+00   33.252746    0.100007991624E+01    0.204398209497E-02    0.129453144136E-01
  10.478000    0.957247910690E+00   33.450679    0.999961183380E+00   -0.992684177122E-03    0.145493715798E-01
  10.540000    0.975526562945E+00   33.648612    0.999989301203E+00   -0.273586164047E-03    0.159214802286E-01
  10.602000    0.993991452218E+00   33.846545    0.100004373362E+01    0.111851949845E-02    0.170210928463E-01
  10.664000    0.101231130547E+01   34.044478    0.999924557418E+00   -0.192947799219E-02    0.178127851542E-01
  10.726000    0.103014966942E+01   34.242411    0.100006264636E+01    0.160219617099E-02    0.182677923637E-01
  10.788000    0.104716862636E+01   34.440344    0.999985584989E+00   -0.368696835253E-03    0.183660457986E-01
  10.850000    0.106303505316E+01   34.638277    0.999972605802E+00   -0.700646783519E-03    0.180967903049E-01
  10.912000    0.107742736095E+01   34.836210    0.100005867921E+01    0.150078718239E-02    0.174597821419E-01
  10.974000    0.109004463523E+01   35.034143    0.999929589219E+00   -0.180073371073E-02    0.164649374737E-01
  11.036000    0.110061555981E+01   35.232076    0.100004397014E+01    0.112461350326E-02    0.151326173927E-01
  11.098000    0.110890839005E+01   35.430009    0.100000851325E+01    0.217815165036E-03    0.134927650891E-01
  11.160000    0.111474016974E+01   35.627942    0.999957668999E+00   -0.108257070175E-02    0.115841513296E-01
  11.222000    0.111798528060E+01   35.825875    0.100006276306E+01    0.160527425313E-02    0.945291071189E-02
  11.284000    0.111858153666E+01   36.023808    0.999937406979E+00   -0.160071312768E-02    0.715149520625E-02
  11.346000    0.111653506191E+01   36.221741    0.100001806873E+01    0.462250621464E-03    0.473636182945E-02
  11.408000    0.111192083496E+01   36.419674    0.100002576644E+01    0.659159066408E-03    0.226695608782E-02
  11.470000    0.110488191503E+01   36.617607    0.999947812431E+00   -0.133460623485E-02   -0.196909246709E-03
  11.532000    0.109562434066E+01   36.815540    0.100006406513E+01    0.163852770614E-02   -0.259644046483E-02
  11.594000    0.108441030338E+01   37.013473    0.999956538959E+00   -0.111161259058E-02   -0.487609669879E-02
  11.656000    0.107154851143E+01   37.211406    0.999998101128E+00   -0.487451520372E-04   -0.698508411601E-02
  11.718000    0.105738335105E+01   37.409339    0.100004155435E+01    0.106249336591E-02   -0.887919154351E-02
  11.780000    0.104228249952E+01   37.607272    0.999943530649E+00   -0.144458056160E-02   -0.105219014548E-01
  11.842000    0.102662437125E+01   37.805205    0.100005604378E+01    0.143295651203E-02   -0.118852678053E-01
  11.904000    0.101078602128E+01   38.003138    0.999975082193E+00   -0.637277709632E-03   -0.129503095360E-01
  11.966000    0.995131975545E+00   38.201071    0.999975853549E+00   -0.617524466093E-03   -0.137067393286E-01
  12.028000    0.980004743645E+00   38.399004    0.100004844101E+01    0.123895215995E-02   -0.141524408153E-01
  12.090000    0.965716903678E+00   38.596937    0.999942648694E+00   -0.146671950695E-02   -0.142923577510E-01
  12.152000    0.952545484192E+00   38.794870    0.100004350488E+01    0.111272511358E-02   -0.141374540369E-01
  12.214000    0.940727730428E+00   38.992803    0.999998136637E+00   -0.475859257571E-04   -0.137031784388E-01
  12.276000    0.930459205981E+00   39.190736    0.999963182161E+00   -0.941568841719E-03   -0.130086801672E-01
  12.338000    0.921892643124E+00   39.388669    0.100005467328E+01    0.139834490092E-02   -0.120754628018E-01
