   0.000000    0.000000000000E+00    0.000000    0.158932726800E-01    0.879490961447E-01    0.100000000000E+31
   0.062000    0.000000000000E+00    0.197933    0.160434878479E-01   -0.125120775048E+02    0.191579006039E+05
   0.124000    0.000000000000E+00    0.395866    0.165739602441E-01   -0.125042855887E+02    0.150522435917E+05
   0.186000    0.000000000000E+00    0.593799    0.176114506350E-01   -0.124895360350E+02    0.118280499318E+05
   0.248000    0.000000000000E+00    0.791732    0.192959424673E-01   -0.124659794468E+02    0.929601789401E+04
   0.310000    0.000000000000E+00    0.989665    0.218682869048E-01   -0.124310890635E+02    0.730732847178E+04
   0.372000    0.000000000000E+00    1.187598    0.257389035025E-01   -0.123799960696E+02    0.574519776845E+04
   0.434000    0.000000000000E+00    1.385531    0.316341186100E-01   -0.123037286282E+02    0.451788303162E+04
   0.496000    0.000000000000E+00    1.583464    0.408784939751E-01   -0.121854767165E+02    0.355344952125E+04
   0.558000    0.000000000000E+00    1.781397    0.560586572817E-01   -0.119923328314E+02    0.279547539200E+04
   0.620000    0.000000000000E+00    1.979330    0.826370076432E-01   -0.116547629720E+02    0.219978235734E+04
   0.682000    0.000000000000E+00    2.177263    0.133475131209E+00   -0.110092257840E+02    0.173173684185E+04
   0.744000    0.000000000000E+00    2.375196    0.243222185398E+00   -0.961531663431E+01    0.136418196196E+04
   0.806000    0.000000000000E+00    2.573129    0.522515246271E+00   -0.606706444185E+01    0.107573154722E+04
   0.868000    0.000000000000E+00    2.771062    0.136440796556E+01    0.463062770636E+01    0.849513969725E+03
   0.930000    0.000000000000E+00    2.968995    0.311066189369E+01    0.268241277339E+02    0.672184761256E+03
   0.992000    0.000000000000E+00    3.166928    0.244410358016E+01    0.183525139469E+02    0.533155906323E+03
   1.054000    0.000000000000E+00    3.364861    0.133131510206E+01    0.421022332685E+01    0.424052782016E+03
   1.116000    0.000000000000E+00    3.562794    0.862988847906E+00   -0.174100370115E+01    0.338267093546E+03
   1.178000    0.000000000000E+00    3.760727    0.664889448038E+00   -0.425814717921E+01    0.270612388049E+03
   1.240000    0.000000000000E+00    3.958660    0.582210651817E+00   -0.530865789437E+01    0.217048136777E+03
   1.302000    0.000000000000E+00    4.156593    0.562454945774E+00   -0.555966727856E+01    0.174443861270E+03
   1.364000    0.000000000000E+00    4.354526    0.588002307434E+00   -0.523504957620E+01    0.140393177355E+03
   1.426000    0.000000000000E+00    4.552459    0.656204434807E+00   -0.436844087712E+01    0.113050878179E+03
   1.488000    0.000000000000E+00    4.750392    0.770605811477E+00   -0.291480312485E+01    0.910051242902E+02
   1.550000    0.000000000000E+00    4.948325    0.933448110871E+00   -0.845649924199E+00    0.731726727075E+02
   1.612000    0.000000000000E+00    5.146258    0.112821818976E+01    0.162924383390E+01    0.587162672415E+02
   1.674000    0.177635683940E-13    5.344191    0.130128074573E+01    0.382840357522E+01    0.469842996647E+02
   1.736000    0.527666799144E-10    5.542124    0.137310532185E+01    0.474115263347E+01    0.374623740223E+02
   1.798000    0.303288025805E-07    5.740057    0.131217376343E+01    0.396683334530E+01    0.297400650616E+02
   1.860000    0.428075188807E-05    5.937990    0.116517317410E+01    0.209880812964E+01    0.234861231786E+02
   1.922000    0.194692143415E-03    6.135923    0.101961376008E+01    0.249219842937E+00    0.184309183028E+02
   1.984000    0.356495717311E-02    6.333856    0.920051584386E+00   -0.101584722051E+01    0.143536530305E+02
   2.046000    0.315510379258E-01    6.531789    0.861930795922E+00   -0.175431824179E+01    0.110733008002E+02
   2.108000    0.156816955743E+00    6.729722    0.836199641611E+00   -0.208122635302E+01    0.844138996145E+01
   2.170000    0.494818670839E+00    6.927655    0.838390295646E+00   -0.205337606367E+01    0.633666171857E+01
   2.232000    0.109497145818E+01    7.125588    0.865837561199E+00   -0.170464780922E+01    0.466061233062E+01
   2.294000    0.184101261912E+01    7.323521    0.914796962953E+00   -0.108259832241E+01    0.333368279902E+01
   2.356000    0.250852559078E+01    7.521454    0.978514334644E+00   -0.273006566188E+00    0.229128809543E+01
   2.418000    0.291223709181E+01    7.719387    0.104479206004E+01    0.569167257152E+00    0.148252529350E+01
   2.480000    0.300323152849E+01    7.917320    0.109681461681E+01    0.123023901574E+01    0.864070091604E+00
   2.542000    0.284071734654E+01    8.115253    0.111915903123E+01    0.151418489954E+01    0.401517602109E+00
   2.604000    0.252899164593E+01    8.313186    0.110773763894E+01    0.136903902369E+01    0.661237876069E-01
   2.666000    0.216151127747E+01    8.511119    0.107255383266E+01    0.921935041119E+00   -0.165379930101E+00
   2.728000    0.180231300155E+01    8.709052    0.102958593339E+01    0.375937240992E+00   -0.312897688815E+00
   2.790000    0.148453661443E+01    8.906985    0.990687986172E+00   -0.118322082102E+00   -0.393115136346E+00
   2.852000    0.122056344603E+01    9.104918    0.961248104810E+00   -0.492388298930E+00   -0.420909934396E+00
   2.914000    0.101031157759E+01    9.302851    0.942907950572E+00   -0.725413587838E+00   -0.409501768967E+00
   2.976000    0.848152830965E+00    9.500784    0.936416401005E+00   -0.807892582731E+00   -0.371010967027E+00
   3.038000    0.726729087871E+00    9.698718    0.941865318615E+00   -0.738662049614E+00   -0.316525037168E+00
   3.100000    0.638695112327E+00    9.896651    0.957964562747E+00   -0.534109968913E+00   -0.255601230979E+00
   3.162000    0.577855327410E+00   10.094584    0.981367360479E+00   -0.236752923684E+00   -0.196293314865E+00
   3.224000    0.538873246307E+00   10.292517    0.100679966598E+01    0.864004358069E-01   -0.143965773370E+00
   3.286000    0.517735775780E+00   10.490450    0.102803401607E+01    0.356219466618E+00   -0.101978241539E+00
   3.348000    0.510981800676E+00   10.688383    0.104004541513E+01    0.508847359783E+00   -0.708167140476E-01
   3.410000    0.516140126007E+00   10.886316    0.104108729593E+01    0.522086229673E+00   -0.498288817432E-01
   3.472000    0.530944351720E+00   11.084249    0.103320757850E+01    0.421958585734E+00   -0.367621160257E-01
   3.534000    0.553831068313E+00   11.282182    0.102045738166E+01    0.259943618671E+00   -0.296397441652E-01
   3.596000    0.583241459682E+00   11.480115    0.100659546051E+01    0.838047402745E-01   -0.260800811199E-01
   3.658000    0.618140090421E+00   11.678048    0.993979432372E+00   -0.765006139355E-01   -0.246137942653E-01
   3.720000    0.657414719493E+00   11.875981    0.983997633252E+00   -0.203332633818E+00   -0.237749526317E-01
   3.782000    0.700361836133E+00   12.073914    0.977717980657E+00   -0.283123399699E+00   -0.229312908738E-01
   3.844000    0.746187531855E+00   12.271847    0.976014211644E+00   -0.304772045164E+00   -0.214495704984E-01
   3.906000    0.794422770084E+00   12.469780    0.979125467923E+00   -0.265239955863E+00   -0.192477235134E-01
   3.968000    0.844531177447E+00   12.667713    0.986284912807E+00   -0.174269504711E+00   -0.161803996126E-01
   4.030000    0.896220470415E+00   12.865646    0.995668452983E+00   -0.550384801307E-01   -0.123974694590E-01
   4.092000    0.949180273448E+00   13.063579    0.100486043465E+01    0.617593392339E-01   -0.797757134130E-02
   4.154000    0.100324457812E+01   13.261512    0.101162889738E+01    0.147763061336E+00   -0.310220332658E-02
   4.216000    0.105827527101E+01   13.459445    0.101474308210E+01    0.187333544788E+00    0.206584911978E-02
   4.278000    0.111402854636E+01   13.657378    0.101427384440E+01    0.181371058064E+00    0.742556276001E-02
   4.340000    0.116896180805E+01   13.855311    0.101125066175E+01    0.142956843228E+00    0.137612630359E-01
   4.402000    0.122062008900E+01   14.053244    0.100691989440E+01    0.879278969823E-01    0.219139796940E-01
   4.464000    0.126677775893E+01   14.251177    0.100223841275E+01    0.284427051195E-01    0.315119294449E-01
   4.526000    0.130288838088E+01   14.449110    0.997810183338E+00   -0.278245759660E-01    0.429290977195E-01
   4.588000    0.132930224927E+01   14.647043    0.994132678258E+00   -0.745527806885E-01    0.519780086187E-01
   4.650000    0.134988276311E+01   14.844976    0.991730090143E+00   -0.105081265725E+00    0.519998949156E-01
   4.712000    0.135778369607E+01   15.042909    0.991060987379E+00   -0.113583268120E+00    0.451874386414E-01
   4.774000    0.134723567065E+01   15.240842    0.992263645638E+00   -0.983017914186E-01    0.344702038578E-01
   4.836000    0.131558712923E+01   15.438775    0.995000670647E+00   -0.635239080060E-01    0.228656936248E-01
   4.898000    0.126474956389E+01   15.636708    0.998495967626E+00   -0.191109732114E-01    0.125216441679E-01
   4.960000    0.119977879710E+01   15.834641    0.100180470673E+01    0.229315330659E-01    0.496956221283E-02
   5.022000    0.112747814677E+01   16.032574    0.100415376711E+01    0.527798279458E-01    0.839119609050E-03
   5.084000    0.105443587814E+01   16.230507    0.100520463443E+01    0.661326810412E-01    0.112646769310E-03
   5.146000    0.985983054453E+00   16.428440    0.100506645947E+01    0.643769623466E-01    0.219328407363E-02
   5.208000    0.925739014480E+00   16.626373    0.100410998568E+01    0.522235172947E-01    0.612538065306E-02
   5.270000    0.875687285875E+00   16.824306    0.100271212449E+01    0.344615970360E-01    0.108392039885E-01
   5.332000    0.836585578868E+00   17.022239    0.100113285312E+01    0.143946041263E-01    0.152936952489E-01
   5.394000    0.808286873191E+00   17.220172    0.999540069510E+00   -0.584406625144E-02    0.187222396915E-01
   5.456000    0.790160026445E+00   17.418105    0.998116323203E+00   -0.239348477114E-01    0.206251432873E-01
   5.518000    0.781245956308E+00   17.616038    0.997094864178E+00   -0.369140416394E-01    0.208902712240E-01
   5.580000    0.780498858498E+00   17.813971    0.996701167034E+00   -0.419166129208E-01    0.196410074267E-01
   5.642000    0.786804175536E+00   18.011904    0.997029506417E+00   -0.377446355307E-01    0.172449083384E-01
   5.704000    0.799100317199E+00   18.209837    0.997970280458E+00   -0.257907490076E-01    0.141254177905E-01
   5.766000    0.816345396001E+00   18.407770    0.999227527854E+00   -0.981556674873E-02    0.107489108277E-01
   5.828000    0.837579339316E+00   18.605703    0.100043966565E+01    0.558645455639E-02    0.749554831615E-02
   5.890000    0.861884685369E+00   18.803636    0.100131970977E+01    0.167687609377E-01    0.467383639439E-02
   5.952000    0.888417784507E+00   19.001569    0.100175224715E+01    0.222649552109E-01    0.246698542230E-02
   6.014000    0.916379180190E+00   19.199502    0.100178376264E+01    0.226654196588E-01    0.967677437333E-03
   6.076000    0.945026906581E+00   19.397435    0.100154270078E+01    0.196023764447E-01    0.172305932365E-03
   6.138000    0.973660107113E+00   19.595368    0.100114224768E+01    0.145140264806E-01    0.147552267948E-04
   6.200000    0.100162187906E+01   19.793301    0.100064464080E+01    0.819119668311E-02    0.380574623038E-03
   6.262000    0.102829547136E+01   19.991234    0.100008417438E+01    0.106965186501E-02    0.112835266001E-02
   6.324000    0.105310111008E+01   20.189167    0.999520978546E+00   -0.608657337605E-02    0.210850300397E-02
   6.386000    0.107550191676E+01   20.387100    0.999057676510E+00   -0.119735060075E-01    0.317109215373E-02
   6.448000    0.109499774596E+01   20.585033    0.998810205513E+00   -0.151179751117E-01    0.418343058897E-02
   6.510000    0.111113952898E+01   20.782966    0.998844681535E+00   -0.146799380188E-01    0.502792921984E-02
   6.572000    0.112352761555E+01   20.980899    0.999137305588E+00   -0.109617502372E-01    0.561722580771E-02
   6.634000    0.113184048320E+01   21.178832    0.999577322570E+00   -0.537071076026E-02    0.588658264057E-02
   6.696000    0.113584651444E+01   21.376765    0.100002103186E+01    0.267255272177E-03    0.580690357271E-02
   6.758000    0.113544084949E+01   21.574698    0.100035453459E+01    0.450489514470E-02    0.537566739490E-02
   6.820000    0.113064897873E+01   21.772631    0.100053602932E+01    0.681106200465E-02    0.462854388510E-02
   6.882000    0.112163072630E+01   21.970564    0.100058777985E+01    0.746865613535E-02    0.363597272342E-02
   6.944000    0.110864102938E+01   22.168497    0.100055815589E+01    0.709229164965E-02    0.252880463055E-02
   7.006000    0.109205046904E+01   22.366430    0.100047826488E+01    0.607711191506E-02    0.147363646059E-02
   7.068000    0.107238832439E+01   22.564363    0.100035114695E+01    0.446193765582E-02    0.633519210442E-03
   7.130000    0.105038140247E+01   22.762296    0.100016961157E+01    0.215532868678E-02    0.126801434624E-03
   7.192000    0.102694632149E+01   22.960229    0.999948261155E+00   -0.657236394804E-03    0.711325692373E-05
   7.254000    0.100313733535E+01   23.158162    0.999733800797E+00   -0.338227910596E-02    0.255546426976E-03
   7.316000    0.980053294896E+00   23.356095    0.999589303467E+00   -0.521838084831E-02    0.790188793085E-03
   7.378000    0.958730797184E+00   23.554028    0.999558353047E+00   -0.561172555749E-02    0.148737268629E-02
   7.440000    0.940052875324E+00   23.751961    0.999640848887E+00   -0.456357687260E-02    0.220664086327E-02
   7.502000    0.924685419942E+00   23.949894    0.999792061336E+00   -0.264232449976E-02    0.281956819598E-02
   7.564000    0.913055238410E+00   24.147827    0.999950018112E+00   -0.635382470211E-03    0.322812568049E-02
   7.626000    0.905353983597E+00   24.345760    0.100006747109E+01    0.856914396772E-03    0.338047158199E-02
   7.688000    0.901569436599E+00   24.543693    0.100013245129E+01    0.168248490104E-02    0.327029742538E-02
   7.750000    0.901521030908E+00   24.741626    0.100016131766E+01    0.204921071253E-02    0.293425735388E-02
   7.812000    0.904903430210E+00   24.939559    0.100017689703E+01    0.224713859149E-02    0.243669816483E-02
   7.874000    0.911321287061E+00   25.137492    0.100018568779E+01    0.235885821530E-02    0.185791119005E-02
   7.936000    0.920323258881E+00   25.335425    0.100017521255E+01    0.222633593461E-02    0.127717078059E-02
   7.998000    0.931425195521E+00   25.533358    0.100012820593E+01    0.162910698069E-02    0.763387211165E-03
   8.060000    0.944130936615E+00   25.731291    0.100004365411E+01    0.554807203140E-03    0.365643367533E-03
   8.122000    0.957945152067E+00   25.929224    0.999944088856E+00   -0.710270035138E-03    0.111187568798E-03
   8.184000    0.972384537595E+00   26.127157    0.999865874081E+00   -0.170407333167E-02    0.477869886096E-05
   8.246000    0.986984868973E+00   26.325090    0.999836743163E+00   -0.207420885418E-02    0.324162700222E-04
   8.308000    0.100130723696E+01   26.523023    0.999860249209E+00   -0.177553238672E-02    0.165970159904E-03
   8.370000    0.101494333989E+01   26.720956    0.999914640833E+00   -0.108442107462E-02    0.368791399351E-03
   8.432000    0.102752034605E+01   26.918889    0.999969172429E+00   -0.391524256103E-03    0.601556411438E-03
   8.494000    0.103870674855E+01   27.116822    0.100000288003E+01    0.367390346059E-04    0.826716733700E-03
   8.556000    0.104821750284E+01   27.314755    0.100001565565E+01    0.199025425092E-03    0.101297719076E-02
   8.618000    0.105582071615E+01   27.512688    0.100002214291E+01    0.281411126032E-03    0.113724999670E-02
   8.680000    0.106134272565E+01   27.710621    0.100003695503E+01    0.469581036758E-03    0.118682812961E-02
   8.742000    0.106467416808E+01   27.908554    0.100006061442E+01    0.770181284986E-03    0.115884297972E-02
   8.804000    0.106577322254E+01   28.106487    0.100007933961E+01    0.100810306128E-02    0.106027272993E-02
   8.866000    0.106466863401E+01   28.304420    0.100007590382E+01    0.964472647654E-03    0.905601451925E-03
   8.928000    0.106145888003E+01   28.502353    0.100004482148E+01    0.569560286879E-03    0.715311956158E-03
   8.990000    0.105631004183E+01   28.700287    0.999997697082E+00   -0.292431357532E-04    0.512671829136E-03
   9.052000    0.104944972303E+01   28.898220    0.999956842937E+00   -0.548352115811E-03    0.321516028383E-03
   9.114000    0.104115940333E+01   29.096153    0.999940170829E+00   -0.760185469582E-03    0.163074920865E-03
   9.176000    0.103176391545E+01   29.294086    0.999950491019E+00   -0.629047387714E-03    0.538508885630E-04
   9.238000    0.102161989532E+01   29.492019    0.999974670832E+00   -0.321806299962E-03    0.332123932662E-05
   9.300000    0.101110233267E+01   29.689952    0.999994500951E+00   -0.698422157220E-04    0.128185529115E-04
   9.362000    0.100059030794E+01   29.887885    0.999999166430E+00   -0.105690796631E-04    0.753162191314E-04
   9.424000    0.990452342050E+00   30.085818    0.999992125430E+00   -0.100030323849E-03    0.176600422800E-03
   9.486000    0.981032056966E+00   30.283751    0.999986197976E+00   -0.175366239959E-03    0.297699458628E-03
   9.548000    0.972635127242E+00   30.481684    0.999992751432E+00   -0.921152164582E-04    0.417845843343E-03
   9.610000    0.965517714615E+00   30.679617    0.100001187971E+01    0.150919589050E-03    0.517940684538E-03
   9.672000    0.959877821882E+00   30.877550    0.100003246224E+01    0.412432308621E-03    0.583181363755E-03
   9.734000    0.955849293693E+00   31.075483    0.100004028681E+01    0.511839415231E-03    0.605248370927E-03
   9.796000    0.953499760508E+00   31.273416    0.100002921827E+01    0.371184380743E-03    0.582805913275E-03
   9.858000    0.952831616469E+00   31.471349    0.100000552139E+01    0.700816358048E-04    0.521298479902E-03
   9.920000    0.953786616491E+00   31.669282    0.999983665962E+00   -0.207540332078E-03    0.431239607787E-03
   9.982000    0.956252565300E+00   31.867215    0.999975774619E+00   -0.307805561187E-03    0.326315767843E-03
  10.044000    0.960072057589E+00   32.065148    0.999983786735E+00   -0.205992782224E-03    0.220841692799E-03
  10.106000    0.965051768873E+00   32.263081    0.999998698530E+00   -0.165110973633E-04    0.127765945050E-03
  10.168000    0.970972161665E+00   32.461014    0.100000811057E+01    0.103084568873E-03    0.568641219476E-04
  10.230000    0.977596574597E+00   32.658947    0.100000514988E+01    0.654650629752E-04    0.138445480785E-04
  10.292000    0.984679733174E+00   32.856880    0.999993359100E+00   -0.843554487619E-04    0.367683647824E-09
  10.354000    0.991975296877E+00   33.054813    0.999983136953E+00   -0.214242408999E-03    0.126223869821E-04
  10.416000    0.999242590949E+00   33.252746    0.999983737362E+00   -0.206597765721E-03    0.458524678661E-04
  10.478000    0.100625258036E+01   33.450679    0.999995951455E+00   -0.514063718133E-04    0.918434303618E-04
  10.540000    0.101279317597E+01   33.648612    0.100001184363E+01    0.150517586788E-03    0.142056100020E-03
  10.602000    0.101867410474E+01   33.846545    0.100002058256E+01    0.261548217833E-03    0.188405501906E-03
  10.664000    0.102373123955E+01   34.044478    0.100001668022E+01    0.211952576843E-03    0.224288690746E-03
  10.726000    0.102783057964E+01   34.242411    0.100000357556E+01    0.454306801484E-04    0.245188923925E-03
  10.788000    0.103087154815E+01   34.440344    0.999990982334E+00   -0.114588728435E-03    0.249065355870E-03
  10.850000    0.103278969076E+01   34.638277    0.999987422427E+00   -0.159815207075E-03    0.236271042257E-03
  10.912000    0.103355832150E+01   34.836210    0.999994396177E+00   -0.711673250998E-04    0.209312730672E-03
  10.974000    0.103318915055E+01   35.034143    0.100000555450E+01    0.706036725251E-04    0.172259386156E-03
  11.036000    0.103173149334E+01   35.232076    0.100001193077E+01    0.151632012521E-03    0.130134766732E-03
  11.098000    0.102927014158E+01   35.430009    0.100000847974E+01    0.107800474872E-03    0.881565930478E-04
  11.160000    0.102592176163E+01   35.627942    0.999997795375E+00   -0.279512824846E-04    0.511089650059E-04
  11.222000    0.102183004783E+01   35.825875    0.999987744238E+00   -0.155662374121E-03    0.227514096822E-04
  11.284000    0.101715974099E+01   36.023808    0.999985641290E+00   -0.182391260298E-03    0.545663966923E-05
  11.346000    0.101208990181E+01   36.221741    0.999992741749E+00   -0.921826046164E-04    0.494833713966E-08
  11.408000    0.100680675479E+01   36.419674    0.100000371503E+01    0.472414739993E-04    0.561613825264E-05
  11.470000    0.100149650734E+01   36.617607    0.100001068860E+01    0.135819299354E-03    0.201612895357E-04
  11.532000    0.996338485058E+00   36.815540    0.100000923535E+01    0.117316154060E-03    0.405328396300E-04
  11.594000    0.991498896060E+00   37.013473    0.100000126882E+01    0.160530464709E-04    0.631280250009E-04
  11.656000    0.987125530212E+00   37.211406    0.999993406725E+00   -0.838820676668E-04    0.843499624537E-04
  11.718000    0.983343504710E+00   37.409339    0.999991724574E+00   -0.105284436995E-03    0.101101334086E-03
  11.780000    0.980252203003E+00   37.607272    0.999997426289E+00   -0.328567271566E-04    0.111148081639E-03
  11.842000    0.977923370303E+00   37.805205    0.100000604131E+01    0.766059207454E-04    0.113370615635E-03
  11.904000    0.976400369736E+00   38.003138    0.100001103309E+01    0.140196894357E-03    0.107807301957E-03
  11.966000    0.975698457005E+00   38.201071    0.100000860563E+01    0.109360072368E-03    0.955664085606E-04
  12.028000    0.975805958372E+00   38.399004    0.100000044621E+01    0.569000515261E-05    0.785607920202E-04
  12.090000    0.976686208465E+00   38.596937    0.999992253120E+00   -0.984089731846E-04    0.591846894199E-04
  12.152000    0.978280131645E+00   38.794870    0.999989546073E+00   -0.132802440882E-03    0.399265869716E-04
  12.214000    0.980509279600E+00   38.992803    0.999993601179E+00   -0.812745278412E-04    0.230291710619E-04
  12.276000    0.983279211812E+00   39.190736    0.100000087501E+01    0.111490867269E-04    0.102009444102E-04
  12.338000    0.986483078820E+00   39.388669    0.100000579464E+01    0.736594306204E-04    0.244626196471E-05
