   0.000000    0.000000000000E+00    0.000000    0.228080946193E-01   -0.785336312945E+01    0.100000000000E+31
   0.062000    0.000000000000E+00    0.197933    0.231670899386E-01   -0.124324719560E+02    0.272872650135E+04
   0.124000    0.000000000000E+00    0.395866    0.241721036077E-01   -0.124154088880E+02    0.128492434728E+04
   0.186000    0.000000000000E+00    0.593799    0.259313543967E-01   -0.123888280827E+02    0.809951347881E+03
   0.248000    0.000000000000E+00    0.791732    0.288078338949E-01   -0.123488550185E+02    0.578076230466E+03
   0.310000    0.000000000000E+00    0.989665    0.330452027149E-01   -0.122923658085E+02    0.443223237766E+03
   0.372000    0.000000000000E+00    1.187598    0.391314253096E-01   -0.122129966686E+02    0.356163570810E+03
   0.434000    0.000000000000E+00    1.385531    0.481018082940E-01   -0.120974807723E+02    0.295593282712E+03
   0.496000    0.000000000000E+00    1.583464    0.613423464890E-01   -0.119281165268E+02    0.250861199915E+03
   0.558000    0.000000000000E+00    1.781397    0.820217093265E-01   -0.116646029359E+02    0.216153234019E+03
   0.620000    0.000000000000E+00    1.979330    0.116627738118E+00   -0.112244636351E+02    0.188124856002E+03
   0.682000    0.000000000000E+00    2.177263    0.178258717366E+00   -0.104412204833E+02    0.164778222138E+03
   0.744000    0.000000000000E+00    2.375196    0.310803654613E+00   -0.875712123715E+01    0.144885103569E+03
   0.806000    0.000000000000E+00    2.573129    0.651698590448E+00   -0.442570259542E+01    0.127663792858E+03
   0.868000    0.000000000000E+00    2.771062    0.146165696160E+01    0.586625981930E+01    0.112592598623E+03
   0.930000    0.000000000000E+00    2.968995    0.263026274369E+01    0.207164492157E+02    0.993089134299E+02
   0.992000    0.000000000000E+00    3.166928    0.222305708937E+01    0.155413800968E+02    0.875433886821E+02
   1.054000    0.000000000000E+00    3.364861    0.130175914554E+01    0.383424267505E+01    0.770903136048E+02
   1.116000    0.000000000000E+00    3.562794    0.932980440481E+00   -0.851534486433E+00    0.677851253544E+02
   1.178000    0.000000000000E+00    3.760727    0.767127320150E+00   -0.295873002001E+01    0.594911895838E+02
   1.240000    0.000000000000E+00    3.958660    0.682081200923E+00   -0.403919332424E+01    0.520949737767E+02
   1.302000    0.181188397619E-12    4.156593    0.663336224624E+00   -0.427732164654E+01    0.454988069684E+02
   1.364000    0.206963335359E-10    4.354526    0.681498487845E+00   -0.404659843268E+01    0.396181923653E+02
   1.426000    0.128165034141E-08    4.552459    0.732761225712E+00   -0.339536975047E+01    0.343795038668E+02
   1.488000    0.461264839657E-07    4.750392    0.821405717328E+00   -0.226918310734E+01    0.297179018613E+02
   1.550000    0.102404702851E-05    4.948325    0.930853654448E+00   -0.878599079728E+00    0.255758521833E+02
   1.612000    0.147913163620E-04    5.146258    0.105779527862E+01    0.734404874138E+00    0.219020835250E+02
   1.674000    0.145779618121E-03    5.344191    0.117041732595E+01    0.216560302663E+01    0.186507636754E+02
   1.736000    0.102327107707E-02    5.542124    0.122589976614E+01    0.287074754973E+01    0.157806748593E+02
   1.798000    0.531672918203E-02    5.740057    0.121594885915E+01    0.274428671046E+01    0.132546620012E+02
   1.860000    0.211685285241E-01    5.937990    0.113879057347E+01    0.176368163561E+01    0.110393532491E+02
   1.922000    0.666348929981E-01    6.135923    0.104842292819E+01    0.615298337710E+00    0.910454839462E+01
   1.984000    0.170571332733E+00    6.333856    0.980636433839E+00   -0.246037928142E+00    0.742294300616E+01
   2.046000    0.364175321762E+00    6.531789    0.935710618816E+00   -0.816858441164E+00    0.596982968620E+01
   2.108000    0.663396208811E+00    6.729722    0.913843591961E+00   -0.109469407763E+01    0.472290519484E+01
   2.170000    0.105228015627E+01    6.927655    0.906905801237E+00   -0.118284991604E+01    0.366194349346E+01
   2.232000    0.148010319471E+01    7.125588    0.914898056098E+00   -0.108131220909E+01    0.276856508300E+01
   2.294000    0.187672225853E+01    7.323521    0.937831059094E+00   -0.789934917165E+00    0.202582497760E+01
   2.356000    0.217798579873E+01    7.521454    0.967824240615E+00   -0.408840070353E+00    0.141771140360E+01
   2.418000    0.234573649843E+01    7.719387    0.100286850250E+01    0.364494201840E-01    0.929231795408E+00
   2.480000    0.237540638460E+01    7.917320    0.103288297195E+01    0.417837710865E+00    0.545931713343E+00
   2.542000    0.228815132968E+01    8.115253    0.104989358724E+01    0.633990921795E+00    0.254517395337E+00
   2.604000    0.211962608441E+01    8.313186    0.105380394962E+01    0.683677454083E+00    0.422055652074E-01
   2.666000    0.190673250002E+01    8.511119    0.104297003565E+01    0.546008334327E+00   -0.102792101249E+00
   2.728000    0.168079088565E+01    8.709052    0.102664002571E+01    0.338503827245E+00   -0.191750643641E+00
   2.790000    0.146367565813E+01    8.906985    0.101013409849E+01    0.128768437142E+00   -0.235104699426E+00
   2.852000    0.126852146477E+01    9.104918    0.995272112463E+00   -0.600744021008E-01   -0.242712376798E+00
   2.914000    0.110130876616E+01    9.302851    0.985730841113E+00   -0.181308463653E+00   -0.223647566195E+00
   2.976000    0.963264915477E+00    9.500784    0.978962555614E+00   -0.267308094011E+00   -0.186187267955E+00
   3.038000    0.852848943849E+00    9.698718    0.976499348430E+00   -0.298606957527E+00   -0.137696543602E+00
   3.100000    0.767111000363E+00    9.896651    0.978960450451E+00   -0.267336376001E+00   -0.843762266111E-01
   3.162000    0.702778811645E+00   10.094584    0.984053385743E+00   -0.202624539331E+00   -0.313108462873E-01
   3.224000    0.656585038348E+00   10.292517    0.992667337622E+00   -0.931723319109E-01    0.178512570073E-01
   3.286000    0.625743425512E+00   10.490450    0.100113266061E+01    0.143922816205E-01    0.605615969060E-01
   3.348000    0.607792222029E+00   10.688383    0.100762911054E+01    0.969398267203E-01    0.955915951033E-01
   3.410000    0.600833187199E+00   10.886316    0.101184485900E+01    0.150507485578E+00    0.122437332385E+00
   3.472000    0.603232429490E+00   11.084249    0.101167822141E+01    0.148389858651E+00    0.141468321644E+00
   3.534000    0.613794639892E+00   11.282182    0.100980092889E+01    0.124535553598E+00    0.153290537582E+00
   3.596000    0.631460395746E+00   11.480115    0.100666048614E+01    0.846311031144E-01    0.158932315231E+00
   3.658000    0.655465057106E+00   11.678048    0.100292328536E+01    0.371441952468E-01    0.159335354299E+00
   3.720000    0.685075202362E+00   11.875981    0.100041779448E+01    0.530818318911E-02    0.155595354283E+00
   3.782000    0.719736571888E+00   12.073914    0.997646704711E+00   -0.299025187555E-01    0.148607574541E+00
   3.844000    0.758858209307E+00   12.271847    0.995849065373E+00   -0.527440815148E-01    0.139307692932E+00
   3.906000    0.801935078083E+00   12.469780    0.995028631891E+00   -0.631688237182E-01    0.128439072778E+00
   3.968000    0.848374787791E+00   12.667713    0.994611311590E+00   -0.684711221147E-01    0.116741889790E+00
   4.030000    0.897564734518E+00   12.865646    0.995944821365E+00   -0.515269060048E-01    0.104811957341E+00
   4.092000    0.948720986292E+00   13.063579    0.997518908069E+00   -0.315257774469E-01    0.932155077872E-01
   4.154000    0.100085519689E+01   13.261512    0.999417929703E+00   -0.739583346309E-02    0.824307002229E-01
   4.216000    0.105265567126E+01   13.459445    0.100138090868E+01    0.175467938440E-01    0.728724334334E-01
   4.278000    0.110236420197E+01   13.657378    0.100204855362E+01    0.260302392505E-01    0.649203935701E-01
   4.340000    0.114777915246E+01   13.855311    0.100254568866E+01    0.323470658302E-01    0.588739385191E-01
   4.402000    0.118666784101E+01   14.053244    0.100221437195E+01    0.281371497173E-01    0.546613294280E-01
   4.464000    0.122092054968E+01   14.251177    0.100148778458E+01    0.189047483556E-01    0.486441368759E-01
   4.526000    0.125022421009E+01   14.449110    0.100118996451E+01    0.151204358247E-01    0.393133137434E-01
   4.588000    0.127122018362E+01   14.647043    0.100039011382E+01    0.495708420280E-02    0.278778968263E-01
   4.650000    0.128112511372E+01   14.844976    0.100002288007E+01    0.290779376504E-03    0.155055621241E-01
   4.712000    0.127790121631E+01   15.042909    0.999616501280E+00   -0.487291480937E-02    0.351584045338E-02
   4.774000    0.126116700839E+01   15.240842    0.998999041867E+00   -0.127186820132E-01   -0.712768944732E-02
   4.836000    0.123202737980E+01   15.438775    0.999024006284E+00   -0.124014804766E-01   -0.156897688533E-01
   4.898000    0.119296424005E+01   15.636708    0.998853685879E+00   -0.145656229594E-01   -0.218125332360E-01
   4.960000    0.114721354737E+01   15.834641    0.999147616832E+00   -0.108307508818E-01   -0.254070139328E-01
   5.022000    0.109825034894E+01   16.032574    0.999701340854E+00   -0.379488547089E-02   -0.266531880059E-01
   5.084000    0.104927231278E+01   16.230507    0.999903508291E+00   -0.122603813551E-02   -0.259069700356E-01
   5.146000    0.100290226304E+01   16.428440    0.100041602047E+01    0.528620586587E-02   -0.236363351797E-01
   5.208000    0.961065226803E+00   16.626373    0.100043431792E+01    0.551870579291E-02   -0.203524318234E-01
   5.270000    0.924995035068E+00   16.824306    0.100035645716E+01    0.452936199378E-02   -0.165370318912E-01
   5.332000    0.895349788164E+00   17.022239    0.100043330718E+01    0.550583911923E-02   -0.126103816497E-01
   5.394000    0.872328869776E+00   17.220172    0.100013987283E+01    0.177730390759E-02   -0.888498061460E-02
   5.456000    0.855820591008E+00   17.418105    0.100023774806E+01    0.302095411229E-02   -0.557376357410E-02
   5.518000    0.845496437676E+00   17.616038    0.100016864509E+01    0.214287198346E-02   -0.277808021814E-02
   5.580000    0.840908567454E+00   17.813971    0.999991622171E+00   -0.106492477519E-03   -0.521456055549E-03
   5.642000    0.841535023470E+00   18.011904    0.100006160409E+01    0.782708891716E-03    0.124158439921E-02
   5.704000    0.846826771736E+00   18.209837    0.999767645743E+00   -0.295248696341E-02    0.258849788606E-02
   5.766000    0.856219598582E+00   18.407770    0.999771886862E+00   -0.289861250631E-02    0.361701085798E-02
   5.828000    0.869150587096E+00   18.605703    0.999806979793E+00   -0.245271185906E-02    0.441944430895E-02
   5.890000    0.885054916958E+00   18.803636    0.999743657262E+00   -0.325730634373E-02    0.507738369927E-02
   5.952000    0.903368202585E+00   19.001569    0.100002647922E+01    0.336469366688E-03    0.565024547382E-02
   6.014000    0.923520071169E+00   19.199502    0.999996759767E+00   -0.411437925316E-04    0.617644985696E-02
   6.076000    0.944932746809E+00   19.397435    0.100006359810E+01    0.808152040395E-03    0.667216755891E-02
   6.138000    0.967018292719E+00   19.595368    0.100013763003E+01    0.174884888906E-02    0.713563603453E-02
   6.200000    0.989180361242E+00   19.793301    0.999953863535E+00   -0.586171584882E-03    0.755079354103E-02
   6.262000    0.101081932528E+01   19.991234    0.100007588107E+01    0.964242913863E-03    0.789196410960E-02
   6.324000    0.103134167734E+01   20.189167    0.100000915092E+01    0.116335871046E-03    0.812872794052E-02
   6.386000    0.105017505508E+01   20.387100    0.100000573679E+01    0.729530124699E-04    0.822954857370E-02
   6.448000    0.106678570774E+01   20.585033    0.100013614242E+01    0.172996220799E-02    0.816632487273E-02
   6.510000    0.108069946223E+01   20.782966    0.999980170090E+00   -0.251910213522E-03    0.791714046751E-02
   6.572000    0.109152071908E+01   20.980899    0.100004608389E+01    0.585606089459E-03    0.747008725330E-02
   6.634000    0.109894940253E+01   21.178832    0.999974641272E+00   -0.322193218419E-03    0.682614942756E-02
   6.696000    0.110278463631E+01   21.376765    0.999877421905E+00   -0.155752326534E-02    0.601023441050E-02
   6.758000    0.110293168061E+01   21.574698    0.100000868631E+01    0.110377333769E-03    0.507528918645E-02
   6.820000    0.109942130495E+01   21.772631    0.999918483094E+00   -0.103578524871E-02    0.409172603200E-02
   6.882000    0.109242813362E+01   21.970564    0.100002110701E+01    0.268222227332E-03    0.313360528750E-02
   6.944000    0.108228027662E+01   22.168497    0.100006254721E+01    0.794812845532E-03    0.226593704800E-02
   7.006000    0.106945481937E+01   22.366430    0.999961472945E+00   -0.489514371046E-03    0.153551220690E-02
   7.068000    0.105455659756E+01   22.564363    0.100006141443E+01    0.780419134819E-03    0.965811115643E-03
   7.130000    0.103828161731E+01   22.762296    0.999948699242E+00   -0.651746030316E-03    0.556541360115E-03
   7.192000    0.102137000033E+01   22.960229    0.999970098941E+00   -0.379815088204E-03    0.286746112731E-03
   7.254000    0.100455493179E+01   23.158162    0.100004412712E+01    0.560811044231E-03    0.120684465713E-03
   7.316000    0.988515986655E+00   23.356095    0.999960000832E+00   -0.508173250484E-03    0.150695060321E-04
   7.378000    0.973842245811E+00   23.554028    0.100007832442E+01    0.995254348258E-03   -0.737614838435E-04
   7.440000    0.961008146448E+00   23.751961    0.100001171537E+01    0.148837293903E-03   -0.183407120568E-03
   7.502000    0.950362895177E+00   23.949894    0.999973660316E+00   -0.334783823869E-03   -0.341166905889E-03
   7.564000    0.942130665665E+00   24.147827    0.100003265429E+01    0.414740812314E-03   -0.561350969222E-03
   7.626000    0.936419770191E+00   24.345760    0.999919739879E+00   -0.102007924617E-02   -0.845406590859E-03
   7.688000    0.933236129808E+00   24.543693    0.100001310531E+01    0.166200202238E-03   -0.118298392392E-02
   7.750000    0.932499698213E+00   24.741626    0.100001049412E+01    0.132972825524E-03   -0.155510448327E-02
   7.812000    0.934060110996E+00   24.939559    0.999978362284E+00   -0.275333886490E-03   -0.193710959267E-02
   7.874000    0.937711752314E+00   25.137492    0.100007094821E+01    0.901117916656E-03   -0.230247871248E-02
   7.936000    0.943206164405E+00   25.335425    0.999963784127E+00   -0.460176274560E-03   -0.262554031026E-02
   7.998000    0.950263031686E+00   25.533358    0.100000078092E+01    0.996383706899E-05   -0.288419270563E-02
   8.060000    0.958578827614E+00   25.731291    0.100000425655E+01    0.541645327300E-04   -0.306126668888E-02
   8.122000    0.967834691133E+00   25.929224    0.999941281513E+00   -0.745995781009E-03   -0.314548286283E-02
   8.184000    0.977703143494E+00   26.127157    0.100004867511E+01    0.618617649879E-03   -0.313146741751E-02
   8.246000    0.987854337576E+00   26.325090    0.999987251740E+00   -0.161849742130E-03   -0.301931126731E-02
   8.308000    0.997962383751E+00   26.523023    0.100001166879E+01    0.148401475826E-03   -0.281374933858E-02
   8.370000    0.100771193463E+01   26.720956    0.100004169847E+01    0.529963010153E-03   -0.252304928202E-02
   8.432000    0.101680550332E+01   26.918889    0.999947777306E+00   -0.663448547742E-03   -0.215804283219E-02
   8.494000    0.102497092098E+01   27.116822    0.100002305515E+01    0.293042841093E-03   -0.173090695251E-02
   8.556000    0.103196950828E+01   27.314755    0.999975869599E+00   -0.306548274053E-03   -0.125452677452E-02
   8.618000    0.103760359302E+01   27.512688    0.999978748644E+00   -0.269993577341E-03   -0.741588393315E-03
   8.680000    0.104172395310E+01   27.710621    0.100004925466E+01    0.625862710796E-03   -0.204440714278E-03
   8.742000    0.104423540389E+01   27.908554    0.999971432265E+00   -0.363005925504E-03    0.345388540318E-03
   8.804000    0.104510124934E+01   28.106487    0.100003369498E+01    0.428129879680E-03    0.896863875601E-03
   8.866000    0.104434487070E+01   28.304420    0.100000121324E+01    0.154182056892E-04    0.143950219267E-02
   8.928000    0.104204928900E+01   28.502353    0.999959942904E+00   -0.508958575934E-03    0.196279034297E-02
   8.990000    0.103835343164E+01   28.700287    0.100002969952E+01    0.377389203368E-03    0.245597685853E-02
   9.052000    0.103344599116E+01   28.898220    0.999961189494E+00   -0.493130712093E-03    0.290756032827E-02
   9.114000    0.102755638104E+01   29.096153    0.100001646420E+01    0.209223157638E-03    0.330529355540E-02
   9.176000    0.102094397991E+01   29.294086    0.100002640486E+01    0.335537443231E-03    0.363624974219E-02
   9.238000    0.101388587687E+01   29.492019    0.999972926705E+00   -0.343982541066E-03    0.388737591506E-02
   9.300000    0.100666421501E+01   29.689952    0.100003867979E+01    0.491502801175E-03    0.404623543590E-02
   9.362000    0.999553790722E+00   29.887885    0.999969288473E+00   -0.390221913596E-03    0.410195529363E-02
   9.424000    0.992810620934E+00   30.085818    0.999988699604E+00   -0.143571044825E-03    0.404628861959E-02
   9.486000    0.986662244581E+00   30.283751    0.100002045889E+01    0.259966434401E-03    0.387447547599E-02
   9.548000    0.981299871485E+00   30.481684    0.999965694746E+00   -0.435905713517E-03    0.358607815078E-02
   9.610000    0.976873078415E+00   30.679617    0.100003991184E+01    0.507120591987E-03    0.318528060403E-02
   9.672000    0.973486596451E+00   30.877550    0.999996741791E+00   -0.414310042343E-04    0.268115882857E-02
   9.734000    0.971199808792E+00   31.075483    0.999989026620E+00   -0.139474901597E-03    0.208723231293E-02
   9.796000    0.970028027224E+00   31.273416    0.100002671506E+01    0.339403855281E-03    0.142109316038E-02
   9.858000    0.969946041744E+00   31.471349    0.999956933123E+00   -0.547278335635E-03    0.703429341475E-03
   9.920000    0.970892873268E+00   31.669282    0.100001611528E+01    0.204773695712E-03   -0.427925985992E-04
   9.982000    0.972777860328E+00   31.867215    0.100000066370E+01    0.844227887396E-05   -0.793514438493E-03
  10.044000    0.975486845691E+00   32.065148    0.999983448521E+00   -0.210297819605E-03   -0.152448628542E-02
  10.106000    0.978888359406E+00   32.263081    0.100004055954E+01    0.515385786991E-03   -0.221234462085E-02
  10.168000    0.982838764324E+00   32.461014    0.999974168223E+00   -0.328212685694E-03   -0.283535400639E-02
  10.230000    0.987186513997E+00   32.658947    0.100000889281E+01    0.113014558095E-03   -0.337418935299E-02
  10.292000    0.991775462019E+00   32.856880    0.100000487793E+01    0.619984306211E-04   -0.381243707016E-02
  10.354000    0.996447986550E+00   33.054813    0.999966395004E+00   -0.426983899466E-03   -0.413700463748E-02
  10.416000    0.100104850031E+01   33.252746    0.100003112139E+01    0.395470410606E-03   -0.433841029455E-02
  10.478000    0.100542750063E+01   33.450679    0.999983273929E+00   -0.212506362960E-03   -0.441087345926E-02
  10.540000    0.100944619170E+01   33.648612    0.100000680601E+01    0.864977783422E-04   -0.435243919505E-02
  10.602000    0.101298094410E+01   33.846545    0.100002348054E+01    0.298366479689E-03   -0.416487454260E-02
  10.664000    0.101592745958E+01   34.044478    0.999968397151E+00   -0.401556044685E-03   -0.385362044447E-02
  10.726000    0.101820413921E+01   34.242411    0.100002207509E+01    0.280495954131E-03   -0.342757753818E-02
  10.788000    0.101975473359E+01   34.440344    0.999983127182E+00   -0.214397582335E-03   -0.289891035022E-02
  10.850000    0.102054999641E+01   34.638277    0.999988563045E+00   -0.145321952091E-03   -0.228270590223E-02
  10.912000    0.102058844629E+01   34.836210    0.100002776217E+01    0.352784112524E-03   -0.159665401555E-02
  10.974000    0.101989596683E+01   35.034143    0.999975560351E+00   -0.310525378900E-03   -0.860581139238E-03
  11.036000    0.101852438721E+01   35.232076    0.100002407186E+01    0.305889553704E-03   -0.959811664469E-04
  11.098000    0.101654890223E+01   35.430009    0.999998844353E+00   -0.146501618187E-04    0.674589706112E-03
  11.160000    0.101406463808E+01   35.627942    0.999979321254E+00   -0.262712895953E-03    0.142809950011E-02
  11.222000    0.101118232765E+01   35.825875    0.100002344441E+01    0.297937752087E-03    0.214176122793E-02
  11.284000    0.100802352578E+01   36.023808    0.999972136223E+00   -0.354014626174E-03    0.279369279293E-02
  11.346000    0.100471543106E+01   36.221741    0.100001273123E+01    0.161796315086E-03    0.336366314696E-02
  11.408000    0.100138574705E+01   36.419674    0.100001168140E+01    0.148452065812E-03    0.383375597735E-02
  11.470000    0.998157726112E+00   36.617607    0.999980845823E+00   -0.243378671657E-03    0.418901601298E-02
  11.532000    0.995145687069E+00   36.815540    0.100002826782E+01    0.359165026384E-03    0.441797724148E-02
  11.594000    0.992451117253E+00   37.013473    0.999978238766E+00   -0.276551409885E-03    0.451310699405E-02
  11.656000    0.990159532101E+00   37.211406    0.999998092396E+00   -0.243046984449E-04    0.447110719276E-02
  11.718000    0.988338179042E+00   37.409339    0.100001236327E+01    0.157007752764E-03    0.429302213777E-02
  11.780000    0.987034498166E+00   37.607272    0.999974521827E+00   -0.323838722822E-03    0.398425752834E-02
  11.842000    0.986275473101E+00   37.805205    0.100002712013E+01    0.344497118215E-03    0.355436431361E-02
  11.904000    0.986067669248E+00   38.003138    0.999992338824E+00   -0.973434385199E-04    0.301674962519E-02
  11.966000    0.986398043543E+00   38.201071    0.999995577669E+00   -0.561840213942E-04    0.238818749150E-02
  12.028000    0.987235284118E+00   38.399004    0.100001974164E+01    0.250859836986E-03    0.168827784928E-02
  12.090000    0.988531748166E+00   38.596937    0.999971424787E+00   -0.363072995817E-03    0.938749744419E-03
  12.152000    0.990225708185E+00   38.794870    0.100001579549E+01    0.200724832430E-03    0.162819494988E-03
  12.214000    0.992244053650E+00   38.992803    0.999996562102E+00   -0.436631016927E-04   -0.615619337216E-03
  12.276000    0.994505107690E+00   39.190736    0.999988441227E+00   -0.146852011906E-03   -0.137270302896E-02
  12.338000    0.996921655699E+00   39.388669    0.100002667314E+01    0.338940432805E-03   -0.208536171708E-02
