    0.182500E+01
    0.633000E-01
   200      1     0.620000E-01
    2         0.497726E+07        0.497726E+07        0.497726E+07
    3         0.234092E+07        0.234092E+07        0.234092E+07
    4         0.146830E+07        0.146830E+07        0.146830E+07
    5         0.103814E+07        0.103814E+07        0.103814E+07
    6         0.785626E+06        0.785626E+06        0.785626E+06
    7         0.622012E+06        0.622012E+06        0.622012E+06
    8         0.508939E+06        0.508939E+06        0.508939E+06
    9         0.427013E+06        0.427013E+06        0.427013E+06
   10         0.365344E+06        0.365344E+06        0.365344E+06
   11         0.317356E+06        0.317356E+06        0.317356E+06
   12         0.278875E+06        0.278875E+06        0.278875E+06
   13         0.247158E+06        0.247158E+06        0.247158E+06
   14         0.220369E+06        0.220369E+06        0.220369E+06
   15         0.197258E+06        0.197258E+06        0.197258E+06
   16         0.176970E+06        0.176970E+06        0.176970E+06
   17         0.158918E+06        0.158918E+06        0.158918E+06
   18         0.142693E+06        0.142693E+06        0.142693E+06
   19         0.128010E+06        0.128010E+06        0.128010E+06
   20         0.114663E+06        0.114663E+06        0.114663E+06
   21         0.102502E+06        0.102502E+06        0.102502E+06
   22         0.914086E+05        0.914086E+05        0.914086E+05
   23         0.812904E+05        0.812904E+05        0.812904E+05
   24         0.720691E+05        0.720691E+05        0.720691E+05
   25         0.636767E+05        0.636767E+05        0.636767E+05
   26         0.560526E+05        0.560526E+05        0.560526E+05
   27         0.491412E+05        0.491412E+05        0.491412E+05
   28         0.428911E+05        0.428911E+05        0.428911E+05
   29         0.372543E+05        0.372543E+05        0.372543E+05
   30         0.321856E+05        0.321856E+05        0.321856E+05
   31         0.276424E+05        0.276424E+05        0.276424E+05
   32         0.235848E+05        0.235848E+05        0.235848E+05
   33         0.199747E+05        0.199747E+05        0.199747E+05
   34         0.167765E+05        0.167765E+05        0.167765E+05
   35         0.139563E+05        0.139563E+05        0.139563E+05
   36         0.114824E+05        0.114824E+05        0.114824E+05
   37         0.932470E+04        0.932470E+04        0.932470E+04
   38         0.745483E+04        0.745483E+04        0.745483E+04
   39         0.584612E+04        0.584612E+04        0.584612E+04
   40         0.447349E+04        0.447349E+04        0.447349E+04
   41         0.331337E+04        0.331337E+04        0.331337E+04
   42         0.234365E+04        0.234365E+04        0.234365E+04
   43         0.154366E+04        0.154366E+04        0.154366E+04
   44         0.894074E+03        0.894074E+03        0.894074E+03
   45         0.376918E+03        0.376918E+03        0.376918E+03
   46        -0.245070E+02       -0.245070E+02       -0.245070E+02
   47        -0.325650E+03       -0.325650E+03       -0.325650E+03
   48        -0.540754E+03       -0.540754E+03       -0.540754E+03
   49        -0.682889E+03       -0.682889E+03       -0.682889E+03
   50        -0.763996E+03       -0.763996E+03       -0.763996E+03
   51        -0.794921E+03       -0.794921E+03       -0.794921E+03
   52        -0.785454E+03       -0.785454E+03       -0.785454E+03
   53        -0.744374E+03       -0.744374E+03       -0.744374E+03
   54        -0.679484E+03       -0.679484E+03       -0.679484E+03
   55        -0.597657E+03       -0.597657E+03       -0.597657E+03
   56        -0.504884E+03       -0.504884E+03       -0.504884E+03
   57        -0.406313E+03       -0.406313E+03       -0.406313E+03
   58        -0.306305E+03       -0.306305E+03       -0.306305E+03
   59        -0.208477E+03       -0.208477E+03       -0.208477E+03
   60        -0.115761E+03       -0.115761E+03       -0.115761E+03
   61        -0.304489E+02       -0.304489E+02       -0.304489E+02
   62         0.457491E+02        0.457491E+02        0.457491E+02
   63         0.111651E+03        0.111651E+03        0.111651E+03
   64         0.166549E+03        0.166549E+03        0.166549E+03
   65         0.210154E+03        0.210154E+03        0.210154E+03
   66         0.242540E+03        0.242540E+03        0.242540E+03
   67         0.264094E+03        0.264094E+03        0.264094E+03
   68         0.275462E+03        0.275462E+03        0.275462E+03
   69         0.277497E+03        0.277497E+03        0.277497E+03
   70         0.271215E+03        0.271215E+03        0.271215E+03
   71         0.257745E+03        0.257745E+03        0.257745E+03
   72         0.238291E+03        0.238291E+03        0.238291E+03
   73         0.214090E+03        0.214090E+03        0.214090E+03
   74         0.186376E+03        0.186376E+03        0.186376E+03
   75         0.156353E+03        0.156353E+03        0.156353E+03
   76         0.125162E+03        0.125162E+03        0.125162E+03
   77         0.938596E+02        0.938596E+02        0.938596E+02
   78         0.634004E+02        0.634004E+02        0.634004E+02
   79         0.346204E+02        0.346204E+02        0.346204E+02
   80         0.822680E+01        0.822680E+01        0.822680E+01
   81        -0.152088E+02       -0.152088E+02       -0.152088E+02
   82        -0.352534E+02       -0.352534E+02       -0.352534E+02
   83        -0.516118E+02       -0.516118E+02       -0.516118E+02
   84        -0.641227E+02       -0.641227E+02       -0.641227E+02
   85        -0.727517E+02       -0.727517E+02       -0.727517E+02
   86        -0.775821E+02       -0.775821E+02       -0.775821E+02
   87        -0.788029E+02       -0.788029E+02       -0.788029E+02
   88        -0.766953E+02       -0.766953E+02       -0.766953E+02
   89        -0.716185E+02       -0.716185E+02       -0.716185E+02
   90        -0.639931E+02       -0.639931E+02       -0.639931E+02
   91        -0.542857E+02       -0.542857E+02       -0.542857E+02
   92        -0.429924E+02       -0.429924E+02       -0.429924E+02
   93        -0.306227E+02       -0.306227E+02       -0.306227E+02
   94        -0.176845E+02       -0.176845E+02       -0.176845E+02
   95        -0.466963E+01       -0.466963E+01       -0.466963E+01
   96         0.795882E+01        0.795882E+01        0.795882E+01
   97         0.197782E+02        0.197782E+02        0.197782E+02
   98         0.304156E+02        0.304156E+02        0.304156E+02
   99         0.395564E+02        0.395564E+02        0.395564E+02
  100         0.469490E+02        0.469490E+02        0.469490E+02
  101         0.524097E+02        0.524097E+02        0.524097E+02
  102         0.558239E+02        0.558239E+02        0.558239E+02
  103         0.571461E+02        0.571461E+02        0.571461E+02
  104         0.563980E+02        0.563980E+02        0.563980E+02
  105         0.536648E+02        0.536648E+02        0.536648E+02
  106         0.490898E+02        0.490898E+02        0.490898E+02
  107         0.428679E+02        0.428679E+02        0.428679E+02
  108         0.352379E+02        0.352379E+02        0.352379E+02
  109         0.264738E+02        0.264738E+02        0.264738E+02
  110         0.168759E+02        0.168759E+02        0.168759E+02
  111         0.676100E+01        0.676100E+01        0.676100E+01
  112        -0.354720E+01       -0.354720E+01       -0.354720E+01
  113        -0.137274E+02       -0.137274E+02       -0.137274E+02
  114        -0.234700E+02       -0.234700E+02       -0.234700E+02
  115        -0.324851E+02       -0.324851E+02       -0.324851E+02
  116        -0.405107E+02       -0.405107E+02       -0.405107E+02
  117        -0.473189E+02       -0.473189E+02       -0.473189E+02
  118        -0.527215E+02       -0.527215E+02       -0.527215E+02
  119        -0.565743E+02       -0.565743E+02       -0.565743E+02
  120        -0.587800E+02       -0.587800E+02       -0.587800E+02
  121        -0.592898E+02       -0.592898E+02       -0.592898E+02
  122        -0.581036E+02       -0.581036E+02       -0.581036E+02
  123        -0.552692E+02       -0.552692E+02       -0.552692E+02
  124        -0.508796E+02       -0.508796E+02       -0.508796E+02
  125        -0.450699E+02       -0.450699E+02       -0.450699E+02
  126        -0.380124E+02       -0.380124E+02       -0.380124E+02
  127        -0.299118E+02       -0.299118E+02       -0.299118E+02
  128        -0.209984E+02       -0.209984E+02       -0.209984E+02
  129        -0.115220E+02       -0.115220E+02       -0.115220E+02
  130        -0.174445E+01       -0.174445E+01       -0.174445E+01
  131         0.806729E+01        0.806729E+01        0.806729E+01
  132         0.176485E+02        0.176485E+02        0.176485E+02
  133         0.267435E+02        0.267435E+02        0.267435E+02
  134         0.351127E+02        0.351127E+02        0.351127E+02
  135         0.425382E+02        0.425382E+02        0.425382E+02
  136         0.488295E+02        0.488295E+02        0.488295E+02
  137         0.538281E+02        0.538281E+02        0.538281E+02
  138         0.574108E+02        0.574108E+02        0.574108E+02
  139         0.594932E+02        0.594932E+02        0.594932E+02
  140         0.600305E+02        0.600305E+02        0.600305E+02
  141         0.590190E+02        0.590190E+02        0.590190E+02
  142         0.564947E+02        0.564947E+02        0.564947E+02
  143         0.525327E+02        0.525327E+02        0.525327E+02
  144         0.472443E+02        0.472443E+02        0.472443E+02
  145         0.407740E+02        0.407740E+02        0.407740E+02
  146         0.332951E+02        0.332951E+02        0.332951E+02
  147         0.250050E+02        0.250050E+02        0.250050E+02
  148         0.161200E+02        0.161200E+02        0.161200E+02
  149         0.686954E+01        0.686954E+01        0.686954E+01
  150        -0.250977E+01       -0.250977E+01       -0.250977E+01
  151        -0.117803E+02       -0.117803E+02       -0.117803E+02
  152        -0.207094E+02       -0.207094E+02       -0.207094E+02
  153        -0.290750E+02       -0.290750E+02       -0.290750E+02
  154        -0.366714E+02       -0.366714E+02       -0.366714E+02
  155        -0.433140E+02       -0.433140E+02       -0.433140E+02
  156        -0.488437E+02       -0.488437E+02       -0.488437E+02
  157        -0.531309E+02       -0.531309E+02       -0.531309E+02
  158        -0.560778E+02       -0.560778E+02       -0.560778E+02
  159        -0.576213E+02       -0.576213E+02       -0.576213E+02
  160        -0.577334E+02       -0.577334E+02       -0.577334E+02
  161        -0.564220E+02       -0.564220E+02       -0.564220E+02
  162        -0.537302E+02       -0.537302E+02       -0.537302E+02
  163        -0.497349E+02       -0.497349E+02       -0.497349E+02
  164        -0.445445E+02       -0.445445E+02       -0.445445E+02
  165        -0.382957E+02       -0.382957E+02       -0.382957E+02
  166        -0.311502E+02       -0.311502E+02       -0.311502E+02
  167        -0.232903E+02       -0.232903E+02       -0.232903E+02
  168        -0.149140E+02       -0.149140E+02       -0.149140E+02
  169        -0.623051E+01       -0.623051E+01       -0.623051E+01
  170         0.254571E+01        0.254571E+01        0.254571E+01
  171         0.111997E+02        0.111997E+02        0.111997E+02
  172         0.195213E+02        0.195213E+02        0.195213E+02
  173         0.273107E+02        0.273107E+02        0.273107E+02
  174         0.343825E+02        0.343825E+02        0.343825E+02
  175         0.405708E+02        0.405708E+02        0.405708E+02
  176         0.457323E+02        0.457323E+02        0.457323E+02
  177         0.497503E+02        0.497503E+02        0.497503E+02
  178         0.525367E+02        0.525367E+02        0.525367E+02
  179         0.540340E+02        0.540340E+02        0.540340E+02
  180         0.542167E+02        0.542167E+02        0.542167E+02
  181         0.530910E+02        0.530910E+02        0.530910E+02
  182         0.506950E+02        0.506950E+02        0.506950E+02
  183         0.470968E+02        0.470968E+02        0.470968E+02
  184         0.423931E+02        0.423931E+02        0.423931E+02
  185         0.367063E+02        0.367063E+02        0.367063E+02
  186         0.301814E+02        0.301814E+02        0.301814E+02
  187         0.229821E+02        0.229821E+02        0.229821E+02
  188         0.152871E+02        0.152871E+02        0.152871E+02
  189         0.728525E+01        0.728525E+01        0.728525E+01
  190        -0.829039E+00       -0.829039E+00       -0.829039E+00
  191        -0.886029E+01       -0.886029E+01       -0.886029E+01
  192        -0.166168E+02       -0.166168E+02       -0.166168E+02
  193        -0.239152E+02       -0.239152E+02       -0.239152E+02
  194        -0.305849E+02       -0.305849E+02       -0.305849E+02
  195        -0.364715E+02       -0.364715E+02       -0.364715E+02
  196        -0.414410E+02       -0.414410E+02       -0.414410E+02
  197        -0.453826E+02       -0.453826E+02       -0.453826E+02
  198        -0.482108E+02       -0.482108E+02       -0.482108E+02
  199        -0.498676E+02       -0.498676E+02       -0.498676E+02
  200        -0.503233E+02       -0.503233E+02       -0.503233E+02
