    0.182500E+01
    0.633000E-01
   200      1     0.620000E-01
    1         0.465051E+07        0.465051E+07        0.465051E+07
    2         0.398605E+07        0.398605E+07        0.398605E+07
    3         0.341655E+07        0.341655E+07        0.341655E+07
    4         0.292804E+07        0.292804E+07        0.292804E+07
    5         0.250811E+07        0.250811E+07        0.250811E+07
    6         0.214604E+07        0.214604E+07        0.214604E+07
    7         0.183312E+07        0.183312E+07        0.183312E+07
    8         0.156273E+07        0.156273E+07        0.156273E+07
    9         0.133003E+07        0.133003E+07        0.133003E+07
   10         0.113123E+07        0.113123E+07        0.113123E+07
   11         0.962865E+06        0.962865E+06        0.962865E+06
   12         0.821273E+06        0.821273E+06        0.821273E+06
   13         0.702505E+06        0.702505E+06        0.702505E+06
   14         0.602525E+06        0.602525E+06        0.602525E+06
   15         0.517561E+06        0.517561E+06        0.517561E+06
   16         0.444409E+06        0.444409E+06        0.444409E+06
   17         0.380604E+06        0.380604E+06        0.380604E+06
   18         0.324416E+06        0.324416E+06        0.324416E+06
   19         0.274731E+06        0.274731E+06        0.274731E+06
   20         0.230867E+06        0.230867E+06        0.230867E+06
   21         0.192391E+06        0.192391E+06        0.192391E+06
   22         0.158974E+06        0.158974E+06        0.158974E+06
   23         0.130293E+06        0.130293E+06        0.130293E+06
   24         0.105982E+06        0.105982E+06        0.105982E+06
   25         0.856261E+05        0.856261E+05        0.856261E+05
   26         0.687708E+05        0.687708E+05        0.687708E+05
   27         0.549477E+05        0.549477E+05        0.549477E+05
   28         0.436984E+05        0.436984E+05        0.436984E+05
   29         0.345954E+05        0.345954E+05        0.345954E+05
   30         0.272552E+05        0.272552E+05        0.272552E+05
   31         0.213457E+05        0.213457E+05        0.213457E+05
   32         0.165870E+05        0.165870E+05        0.165870E+05
   33         0.127493E+05        0.127493E+05        0.127493E+05
   34         0.964688E+04        0.964688E+04        0.964688E+04
   35         0.713243E+04        0.713243E+04        0.713243E+04
   36         0.509003E+04        0.509003E+04        0.509003E+04
   37         0.342914E+04        0.342914E+04        0.342914E+04
   38         0.207916E+04        0.207916E+04        0.207916E+04
   39         0.984871E+03        0.984871E+03        0.984871E+03
   40         0.102806E+03        0.102806E+03        0.102806E+03
   41        -0.601662E+03       -0.601662E+03       -0.601662E+03
   42        -0.115650E+04       -0.115650E+04       -0.115650E+04
   43        -0.158465E+04       -0.158465E+04       -0.158465E+04
   44        -0.190527E+04       -0.190527E+04       -0.190527E+04
   45        -0.213461E+04       -0.213461E+04       -0.213461E+04
   46        -0.228662E+04       -0.228662E+04       -0.228662E+04
   47        -0.237345E+04       -0.237345E+04       -0.237345E+04
   48        -0.240571E+04       -0.240571E+04       -0.240571E+04
   49        -0.239278E+04       -0.239278E+04       -0.239278E+04
   50        -0.234294E+04       -0.234294E+04       -0.234294E+04
   51        -0.226347E+04       -0.226347E+04       -0.226347E+04
   52        -0.216082E+04       -0.216082E+04       -0.216082E+04
   53        -0.204063E+04       -0.204063E+04       -0.204063E+04
   54        -0.190783E+04       -0.190783E+04       -0.190783E+04
   55        -0.176669E+04       -0.176669E+04       -0.176669E+04
   56        -0.162089E+04       -0.162089E+04       -0.162089E+04
   57        -0.147355E+04       -0.147355E+04       -0.147355E+04
   58        -0.132730E+04       -0.132730E+04       -0.132730E+04
   59        -0.118432E+04       -0.118432E+04       -0.118432E+04
   60        -0.104640E+04       -0.104640E+04       -0.104640E+04
   61        -0.914940E+03       -0.914940E+03       -0.914940E+03
   62        -0.791056E+03       -0.791056E+03       -0.791056E+03
   63        -0.675573E+03       -0.675573E+03       -0.675573E+03
   64        -0.569072E+03       -0.569072E+03       -0.569072E+03
   65        -0.471931E+03       -0.471931E+03       -0.471931E+03
   66        -0.384349E+03       -0.384349E+03       -0.384349E+03
   67        -0.306377E+03       -0.306377E+03       -0.306377E+03
   68        -0.237942E+03       -0.237942E+03       -0.237942E+03
   69        -0.178870E+03       -0.178870E+03       -0.178870E+03
   70        -0.128907E+03       -0.128907E+03       -0.128907E+03
   71        -0.877353E+02       -0.877353E+02       -0.877353E+02
   72        -0.549905E+02       -0.549905E+02       -0.549905E+02
   73        -0.302730E+02       -0.302730E+02       -0.302730E+02
   74        -0.131604E+02       -0.131604E+02       -0.131604E+02
   75        -0.321650E+01       -0.321650E+01       -0.321650E+01
   76         0.000000E+00        0.000000E+00        0.000000E+00
   77         0.000000E+00        0.000000E+00        0.000000E+00
   78         0.000000E+00        0.000000E+00        0.000000E+00
   79         0.000000E+00        0.000000E+00        0.000000E+00
   80         0.000000E+00        0.000000E+00        0.000000E+00
   81         0.000000E+00        0.000000E+00        0.000000E+00
   82         0.000000E+00        0.000000E+00        0.000000E+00
   83         0.000000E+00        0.000000E+00        0.000000E+00
   84         0.000000E+00        0.000000E+00        0.000000E+00
   85         0.000000E+00        0.000000E+00        0.000000E+00
   86         0.000000E+00        0.000000E+00        0.000000E+00
   87         0.000000E+00        0.000000E+00        0.000000E+00
   88         0.000000E+00        0.000000E+00        0.000000E+00
   89         0.000000E+00        0.000000E+00        0.000000E+00
   90         0.000000E+00        0.000000E+00        0.000000E+00
   91         0.000000E+00        0.000000E+00        0.000000E+00
   92         0.000000E+00        0.000000E+00        0.000000E+00
   93         0.000000E+00        0.000000E+00        0.000000E+00
   94         0.000000E+00        0.000000E+00        0.000000E+00
   95         0.000000E+00        0.000000E+00        0.000000E+00
   96         0.000000E+00        0.000000E+00        0.000000E+00
   97         0.000000E+00        0.000000E+00        0.000000E+00
   98         0.000000E+00        0.000000E+00        0.000000E+00
   99         0.000000E+00        0.000000E+00        0.000000E+00
  100         0.000000E+00        0.000000E+00        0.000000E+00
  101         0.000000E+00        0.000000E+00        0.000000E+00
  102         0.000000E+00        0.000000E+00        0.000000E+00
  103         0.000000E+00        0.000000E+00        0.000000E+00
  104         0.000000E+00        0.000000E+00        0.000000E+00
  105         0.000000E+00        0.000000E+00        0.000000E+00
  106         0.000000E+00        0.000000E+00        0.000000E+00
  107         0.000000E+00        0.000000E+00        0.000000E+00
  108         0.000000E+00        0.000000E+00        0.000000E+00
  109         0.000000E+00        0.000000E+00        0.000000E+00
  110         0.000000E+00        0.000000E+00        0.000000E+00
  111         0.000000E+00        0.000000E+00        0.000000E+00
  112         0.000000E+00        0.000000E+00        0.000000E+00
  113         0.000000E+00        0.000000E+00        0.000000E+00
  114         0.000000E+00        0.000000E+00        0.000000E+00
  115         0.000000E+00        0.000000E+00        0.000000E+00
  116         0.000000E+00        0.000000E+00        0.000000E+00
  117         0.000000E+00        0.000000E+00        0.000000E+00
  118         0.000000E+00        0.000000E+00        0.000000E+00
  119         0.000000E+00        0.000000E+00        0.000000E+00
  120         0.000000E+00        0.000000E+00        0.000000E+00
  121         0.000000E+00        0.000000E+00        0.000000E+00
  122         0.000000E+00        0.000000E+00        0.000000E+00
  123         0.000000E+00        0.000000E+00        0.000000E+00
  124         0.000000E+00        0.000000E+00        0.000000E+00
  125         0.000000E+00        0.000000E+00        0.000000E+00
  126         0.000000E+00        0.000000E+00        0.000000E+00
  127         0.000000E+00        0.000000E+00        0.000000E+00
  128         0.000000E+00        0.000000E+00        0.000000E+00
  129         0.000000E+00        0.000000E+00        0.000000E+00
  130         0.000000E+00        0.000000E+00        0.000000E+00
  131         0.000000E+00        0.000000E+00        0.000000E+00
  132         0.000000E+00        0.000000E+00        0.000000E+00
  133         0.000000E+00        0.000000E+00        0.000000E+00
  134         0.000000E+00        0.000000E+00        0.000000E+00
  135         0.000000E+00        0.000000E+00        0.000000E+00
  136         0.000000E+00        0.000000E+00        0.000000E+00
  137         0.000000E+00        0.000000E+00        0.000000E+00
  138         0.000000E+00        0.000000E+00        0.000000E+00
  139         0.000000E+00        0.000000E+00        0.000000E+00
  140         0.000000E+00        0.000000E+00        0.000000E+00
  141         0.000000E+00        0.000000E+00        0.000000E+00
  142         0.000000E+00        0.000000E+00        0.000000E+00
  143         0.000000E+00        0.000000E+00        0.000000E+00
  144         0.000000E+00        0.000000E+00        0.000000E+00
  145         0.000000E+00        0.000000E+00        0.000000E+00
  146         0.000000E+00        0.000000E+00        0.000000E+00
  147         0.000000E+00        0.000000E+00        0.000000E+00
  148         0.000000E+00        0.000000E+00        0.000000E+00
  149         0.000000E+00        0.000000E+00        0.000000E+00
  150         0.000000E+00        0.000000E+00        0.000000E+00
  151         0.000000E+00        0.000000E+00        0.000000E+00
  152         0.000000E+00        0.000000E+00        0.000000E+00
  153         0.000000E+00        0.000000E+00        0.000000E+00
  154         0.000000E+00        0.000000E+00        0.000000E+00
  155         0.000000E+00        0.000000E+00        0.000000E+00
  156         0.000000E+00        0.000000E+00        0.000000E+00
  157         0.000000E+00        0.000000E+00        0.000000E+00
  158         0.000000E+00        0.000000E+00        0.000000E+00
  159         0.000000E+00        0.000000E+00        0.000000E+00
  160         0.000000E+00        0.000000E+00        0.000000E+00
  161         0.000000E+00        0.000000E+00        0.000000E+00
  162         0.000000E+00        0.000000E+00        0.000000E+00
  163         0.000000E+00        0.000000E+00        0.000000E+00
  164         0.000000E+00        0.000000E+00        0.000000E+00
  165         0.000000E+00        0.000000E+00        0.000000E+00
  166         0.000000E+00        0.000000E+00        0.000000E+00
  167         0.000000E+00        0.000000E+00        0.000000E+00
  168         0.000000E+00        0.000000E+00        0.000000E+00
  169         0.000000E+00        0.000000E+00        0.000000E+00
  170         0.000000E+00        0.000000E+00        0.000000E+00
  171         0.000000E+00        0.000000E+00        0.000000E+00
  172         0.000000E+00        0.000000E+00        0.000000E+00
  173         0.000000E+00        0.000000E+00        0.000000E+00
  174         0.000000E+00        0.000000E+00        0.000000E+00
  175         0.000000E+00        0.000000E+00        0.000000E+00
  176         0.000000E+00        0.000000E+00        0.000000E+00
  177         0.000000E+00        0.000000E+00        0.000000E+00
  178         0.000000E+00        0.000000E+00        0.000000E+00
  179         0.000000E+00        0.000000E+00        0.000000E+00
  180         0.000000E+00        0.000000E+00        0.000000E+00
  181         0.000000E+00        0.000000E+00        0.000000E+00
  182         0.000000E+00        0.000000E+00        0.000000E+00
  183         0.000000E+00        0.000000E+00        0.000000E+00
  184         0.000000E+00        0.000000E+00        0.000000E+00
  185         0.000000E+00        0.000000E+00        0.000000E+00
  186         0.000000E+00        0.000000E+00        0.000000E+00
  187         0.000000E+00        0.000000E+00        0.000000E+00
  188         0.000000E+00        0.000000E+00        0.000000E+00
  189         0.000000E+00        0.000000E+00        0.000000E+00
  190         0.000000E+00        0.000000E+00        0.000000E+00
  191         0.000000E+00        0.000000E+00        0.000000E+00
  192         0.000000E+00        0.000000E+00        0.000000E+00
  193         0.000000E+00        0.000000E+00        0.000000E+00
  194         0.000000E+00        0.000000E+00        0.000000E+00
  195         0.000000E+00        0.000000E+00        0.000000E+00
  196         0.000000E+00        0.000000E+00        0.000000E+00
  197         0.000000E+00        0.000000E+00        0.000000E+00
  198         0.000000E+00        0.000000E+00        0.000000E+00
  199         0.000000E+00        0.000000E+00        0.000000E+00
  200         0.000000E+00        0.000000E+00        0.000000E+00
