   38.046609408742725     
   37.960495728405526     
   37.704769127561143     
   37.287323340103072     
   36.720302017406532     
   36.018985110111721     
   35.200464842495727     
   34.282376275824852     
   33.281838965196371     
   32.214696290599221     
   31.095078859771370     
   29.935237699803022     
   28.745579890311973     
   27.534845024742129     
   26.310353211300491     
   25.078271543192841     
   23.843865421907385     
   22.611715401596470     
   21.385896933551201     
   20.170116658843067     
   18.967809339271412     
   17.782205495485599     
   16.616373938740420     
   15.473245251023229     
   14.355621486464859     
   13.266177055312232     
   12.207452901224974     
   11.181846506666892     
   10.191599995221992     
   9.2387868860447977     
   8.3252974355676539     
   7.4528234293452087     
   6.6228424992333137     
   5.8366034317029891     
   5.0951093907128264     
   4.3991018280212346     
   3.7490476824842394     
   3.1451285532573356     
   2.5872341900339015     
   2.0749625319815301     
   1.6076280036529560     
   1.1842785756759588     
  0.80371947169497782     
  0.46454194919787839     
  0.16515490969667107     
  -9.6185994898200788E-002
 -0.32135359545168868     
 -0.51232945340336067     
 -0.67118752061276687     
 -0.80007912311683627     
 -0.90121808914233115     
 -0.97686342855798802     
  -1.0292979338353536     
  -1.0608044203747324     
  -1.0736400564330080     
  -1.0700101708850653     
  -1.0520430750769643     
  -1.0217673246941275     
 -0.98109283908053357     
 -0.93179602782958781     
 -0.87550920659884435     
 -0.81371432381190190     
 -0.74774066634941028     
 -0.67876584802893380     
 -0.60781973553310453     
 -0.53579062185669246     
 -0.46343428970131018     
 -0.39138637694141709     
 -0.32018039673778004     
 -0.25027481356475345     
 -0.18209203462176832     
 -0.11606946821254736     
  -5.2717721631219412E-002
   7.3252619443605694E-003
   6.3259525156003568E-002
  0.11412294322371856     
  0.15883476217149481     
  0.19628197367955780     
  0.22543664972586500     
  0.24548390929367916     
  0.25593722661299684     
  0.25672041124996242     
  0.24820306351909083     
  0.23118554378420975     
  0.20683903953436369     
  0.17661247346649128     
  0.14212164864793589     
  0.10503582921693880     
   6.6974647017408573E-002
   2.9424102344634852E-002
  -6.3238657669769981E-003
  -3.9207544010191948E-002
  -6.8409466426133769E-002
  -9.3352426397358815E-002
 -0.11368227217221122     
 -0.12924219145292684     
 -0.14004269810057479     
 -0.14623061295666487     
 -0.14805956693357231     
 -0.14586340538573006     
 -0.14003337072087316     
 -0.13099926665629352     
 -0.11921450862706594     
 -0.10514458554040437     
  -8.9258474350324662E-002
  -7.2022383389871394E-002
  -5.3895299984424827E-002
  -3.5325697407685624E-002
  -1.6748895579643399E-002
   1.4155034200745529E-003
   1.8766567011624463E-002
   3.4925700722645427E-002
   4.9541156761009363E-002
   6.2293377028564856E-002
   7.2901231494384017E-002
   8.1129212397825959E-002
   8.6795744017953799E-002
   8.9782393353345563E-002
   9.0043344082867946E-002
   8.7613830950867416E-002
   8.2615934317295955E-002
   7.5260012549309099E-002
   6.5840525168586170E-002
   5.4725685824313718E-002
   4.2341452572494921E-002
   2.9151076816030019E-002
   1.5632155012729416E-002
   2.2533494687957700E-003
  -1.0547112778404933E-002
  -2.2379488793752948E-002
  -3.2916038430373752E-002
  -4.1899550246194316E-002
  -4.9146936989066137E-002
  -5.4548506848712618E-002
  -5.8063769342996285E-002
  -5.9714708670317723E-002
  -5.9577507847361072E-002
  -5.7773538678362282E-002
  -5.4460346121203887E-002
  -4.9823046899740910E-002
  -4.4066488714623708E-002
  -3.7408291504687198E-002
  -3.0072814958641756E-002
  -2.2285957178394374E-002
  -1.4270689332601803E-002
  -6.2431674846353058E-003
   1.5907080114479655E-003
   9.0384248568776606E-003
   1.5923766768665183E-002
   2.2089561173986166E-002
   2.7400292461503942E-002
   3.1744553384536280E-002
   3.5037298591328599E-002
   3.7221802018048096E-002
   3.8271217372585278E-002
   3.8189555346638697E-002
   3.7011955425663601E-002
   3.4804065626594091E-002
   3.1660426411873499E-002
   2.7701760275248705E-002
   2.3071188651311178E-002
   1.7929436377111429E-002
   1.2449208536158760E-002
   6.8089680604412200E-003
   1.1864875462008113E-003
  -4.2475040069714426E-003
  -9.3352144423861465E-003
  -1.3936899909377470E-002
  -1.7934946157172695E-002
  -2.1236757872327205E-002
  -2.3776426589212953E-002
  -2.5515183553592426E-002
  -2.6440764403432161E-002
  -2.6565852842411444E-002
  -2.5925818186673215E-002
  -2.4575932184248295E-002
  -2.2588278391543933E-002
  -2.0048503493521511E-002
  -1.7052575662115460E-002
  -1.3703612053435104E-002
  -1.0108864694904303E-002
  -6.3768896871148764E-003
  -2.6149226722253466E-003
   1.0735443337727189E-003
   4.5909829473829581E-003
   7.8478492626634800E-003
   1.0764403444539005E-002
   1.3272311547754436E-002
   1.5316018829417551E-002
   1.6853856120588703E-002
   1.7858854169984680E-002
   1.8319216943179069E-002
   1.8238431597070077E-002
   1.7634980598941148E-002
   1.6541641419211058E-002
   1.5004348655547036E-002
   1.3080685110870438E-002
   1.0837991501931555E-002
   8.3511741194661100E-003
   5.7002743149245421E-003
   2.9679001699543127E-003
   2.3661370340954680E-004
  -2.4136302576667217E-003
  -4.9078896474195393E-003
  -7.1783870170499010E-003
  -9.1663411063167225E-003
  -1.0823424386779973E-002
  -1.2112803046669951E-002
  -1.3009752821654525E-002
  -1.3501847459283704E-002
  -1.3588771438475967E-002
  -1.3281768608029812E-002
  -1.2602790570087065E-002
  -1.1583394501295172E-002
  -1.0263452973286765E-002
  -8.6897165863733423E-003
  -6.9142870312778630E-003
  -4.9930354533363058E-003
  -2.9840138525527925E-003
  -9.4588227403807771E-004
   1.0636137555584029E-003
   2.9890907640056797E-003
   4.7788758194842922E-003
   6.3862338829847034E-003
   7.7704571195798631E-003
   8.8977941058531688E-003
   9.7422079436170379E-003
   1.0285931957757836E-002
   1.0519828373179444E-002
   1.0443519603797944E-002
   1.0065293732236576E-002
   9.4017719942652463E-003
   8.4773526687896960E-003
   7.3234350233081051E-003
   5.9774456892573696E-003
   4.4816878207920409E-003
   2.8820620358696080E-003
   1.2266864827910162E-003
  -4.3553492040023358E-004
  -2.0563502873863831E-003
  -3.5895535850491056E-003
  -4.9922866219121332E-003
  -6.2262223912231138E-003
  -7.2585818049507042E-003
  -8.0629567589927901E-003
  -8.6199247517207093E-003
  -8.9174473908257973E-003
  -8.9510419339279175E-003
  -8.7237377526047030E-003
  -8.2458220982925580E-003
  -7.5344053054004594E-003
  -6.6128120694321163E-003
  -5.5098315475272290E-003
  -4.2588470401414367E-003
  -2.8968762961835586E-003
  -1.4635416687512235E-003
