   0.000000    0.000000000000E+00    0.000000    0.323535485927E-01   -0.248695127267E+02    0.100000000000E+31
   0.062000    0.000000000000E+00    0.197933    0.321528451487E-01   -0.152912615889E+02    0.216749519921E+04
   0.124000    0.000000000000E+00    0.395866    0.318687255838E-01   -0.152951197569E+02    0.186079440954E+04
   0.186000    0.000000000000E+00    0.593799    0.320473801753E-01   -0.152917497327E+02    0.159779602491E+04
   0.248000    0.000000000000E+00    0.791732    0.331889476448E-01   -0.152733181087E+02    0.137207195127E+04
   0.310000    0.000000000000E+00    0.989665    0.358783506543E-01   -0.152305771956E+02    0.117791199796E+04
   0.372000    0.000000000000E+00    1.187598    0.409716447498E-01   -0.151500299519E+02    0.101038370295E+04
   0.434000    0.000000000000E+00    1.385531    0.499853034353E-01   -0.150077570990E+02    0.865479594801E+03
   0.496000    0.000000000000E+00    1.583464    0.659112949553E-01   -0.147564973170E+02    0.740154008321E+03
   0.558000    0.000000000000E+00    1.781397    0.952700073381E-01   -0.142932021610E+02    0.632180424787E+03
   0.620000    0.000000000000E+00    1.979330    0.153844390261E+00   -0.133684069293E+02    0.539815531042E+03
   0.682000    0.000000000000E+00    2.177263    0.285172704970E+00   -0.112940888444E+02    0.461465579552E+03
   0.744000    0.000000000000E+00    2.375196    0.625616957479E+00   -0.591552580024E+01    0.395446167733E+03
   0.806000    0.000000000000E+00    2.573129    0.155277450234E+01    0.873527571885E+01    0.339940820781E+03
   0.868000    0.000000000000E+00    2.771062    0.261138256540E+01    0.254666630618E+02    0.293093030573E+03
   0.930000    0.000000000000E+00    2.968995    0.191164978285E+01    0.144060029912E+02    0.253167783775E+03
   0.992000    0.000000000000E+00    3.166928    0.121802360702E+01    0.344477025829E+01    0.218691460885E+03
   1.054000    0.000000000000E+00    3.364861    0.895551330940E+00   -0.165012428898E+01    0.188530529587E+03
   1.116000    0.000000000000E+00    3.562794    0.751435019065E+00   -0.392662141415E+01    0.161889704295E+03
   1.178000    0.000000000000E+00    3.760727    0.694475247257E+00   -0.482613558567E+01    0.138257183492E+03
   1.240000    0.000000000000E+00    3.958660    0.688977928419E+00   -0.491280572333E+01    0.117319974509E+03
   1.302000    0.000000000000E+00    4.156593    0.721959563107E+00   -0.439181546221E+01    0.988796785070E+02
   1.364000    0.000000000000E+00    4.354526    0.789591020171E+00   -0.332360761054E+01    0.827857627948E+02
   1.426000    0.000000000000E+00    4.552459    0.890190263183E+00   -0.173462166011E+01    0.688904622093E+02
   1.488000    0.000000000000E+00    4.750392    0.101512207851E+01    0.238890349306E+00    0.570262299229E+02
   1.550000    0.177635683940E-14    4.948325    0.113878238067E+01    0.219252863412E+01    0.470030225028E+02
   1.612000    0.340705241797E-11    5.146258    0.121523345924E+01    0.340045149692E+01    0.386125797818E+02
   1.674000    0.130324906422E-08    5.344191    0.120649162989E+01    0.326235557972E+01    0.316402517048E+02
   1.736000    0.154295454635E-06    5.542124    0.112790597382E+01    0.202075111952E+01    0.258759965346E+02
   1.798000    0.689157326583E-05    5.740057    0.104012014216E+01    0.633838178870E+00    0.211239980446E+02
   1.860000    0.138672553064E-03    5.937990    0.977304178017E+00   -0.358557707074E+00    0.172086925729E+02
   1.922000    0.146580803062E-02    6.135923    0.938814311335E+00   -0.966621827056E+00    0.139781720612E+02
   1.984000    0.926319734432E-02    6.333856    0.919496904281E+00   -0.127178128996E+01    0.113045485036E+02
   2.046000    0.389148823277E-01    6.531789    0.916645750827E+00   -0.131680624469E+01    0.908298195411E+01
   2.108000    0.118387456285E+00    6.729722    0.928617728936E+00   -0.112766791594E+01    0.722890189640E+01
   2.170000    0.279072394448E+00    6.927655    0.952641410284E+00   -0.748150652961E+00    0.567538588053E+01
   2.232000    0.537479929325E+00    7.125588    0.984047569940E+00   -0.252010357581E+00    0.436991154295E+01
   2.294000    0.881229322273E+00    7.323521    0.101561001984E+01    0.246603801142E+00    0.327156594248E+01
   2.356000    0.126963223983E+01    7.521454    0.103900990685E+01    0.616274413600E+00    0.234850690644E+01
   2.418000    0.164743428685E+01    7.719387    0.104815214022E+01    0.760707975784E+00    0.157574343197E+01
   2.480000    0.196259018167E+01    7.917320    0.104297628964E+01    0.678943765520E+00    0.933362881591E+00
   2.542000    0.218011621821E+01    8.115253    0.102902771032E+01    0.458583616936E+00    0.404900389191E+00
   2.604000    0.228726975649E+01    8.313186    0.101306810202E+01    0.206451076100E+00   -0.236393885073E-01
   2.666000    0.229046361784E+01    8.511119    0.999081100158E+00   -0.145168515639E-01   -0.364212301081E+00
   2.728000    0.220931174603E+01    8.709052    0.988424844044E+00   -0.182863009492E+00   -0.627526130192E+00
   2.790000    0.206882059688E+01    8.906985    0.981603555922E+00   -0.290622799191E+00   -0.823164679841E+00
   2.852000    0.189396066923E+01    9.104918    0.979095131530E+00   -0.330248675107E+00   -0.960023824020E+00
   2.914000    0.170578037595E+01    9.302851    0.980958711729E+00   -0.300807896350E+00   -0.104635215793E+01
   2.976000    0.152007946424E+01    9.500784    0.986472087297E+00   -0.213709498778E+00   -0.108995013321E+01
   3.038000    0.134729229369E+01    9.698718    0.994040840030E+00   -0.941409797756E-01   -0.109817599306E+01
   3.100000    0.119335918275E+01    9.896651    0.100160248201E+01    0.253156095185E-01   -0.107799026217E+01
   3.162000    0.106078862505E+01   10.094584    0.100726126411E+01    0.114711914631E+00   -0.103587604596E+01
   3.224000    0.949810166362E+00   10.292517    0.101001609364E+01    0.158232544066E+00   -0.977804794598E+00
   3.286000    0.859256272008E+00   10.490450    0.100999394341E+01    0.157882950133E+00   -0.909116356494E+00
   3.348000    0.787233380500E+00   10.688383    0.100810083888E+01    0.127976069760E+00   -0.834409526381E+00
   3.410000    0.731592429105E+00   10.886316    0.100531280028E+01    0.839308695216E-01   -0.757478459959E+00
   3.472000    0.690191356188E+00   11.084249    0.100229320863E+01    0.362276195917E-01   -0.681256683046E+00
   3.534000    0.661055819367E+00   11.282182    0.999426868043E+00   -0.905453779307E-02   -0.607850328846E+00
   3.596000    0.642445749672E+00   11.480115    0.997061411708E+00   -0.464236349651E-01   -0.538619936994E+00
   3.658000    0.632869929516E+00   11.678048    0.995548059704E+00   -0.703312434471E-01   -0.474305667281E+00
   3.720000    0.631087698140E+00   11.875981    0.995132077930E+00   -0.769028102292E-01   -0.415198763290E+00
   3.782000    0.636052479998E+00   12.073914    0.995791294056E+00   -0.664886457665E-01   -0.361240120486E+00
   3.844000    0.646927229197E+00   12.271847    0.997222011298E+00   -0.438864736901E-01   -0.312219201349E+00
   3.906000    0.663005351274E+00   12.469780    0.998936298795E+00   -0.168045201952E-01   -0.267793630503E+00
   3.968000    0.683728934552E+00   12.667713    0.100046357815E+01    0.732349835120E-02   -0.227626001113E+00
   4.030000    0.708618038393E+00   12.865646    0.100150542230E+01    0.237824218209E-01   -0.191351991365E+00
   4.092000    0.737301929697E+00   13.063579    0.100200300957E+01    0.316432926980E-01   -0.158676492960E+00
   4.154000    0.769443982522E+00   13.261512    0.100205660955E+01    0.324901488418E-01   -0.129299251345E+00
   4.216000    0.804779484349E+00   13.459445    0.100180911466E+01    0.285803386740E-01   -0.102993425162E+00
   4.278000    0.843032061991E+00   13.657378    0.100135604736E+01    0.214229058653E-01   -0.795245250647E-01
   4.340000    0.883926762634E+00   13.855311    0.100076094608E+01    0.120216133800E-01   -0.587109671458E-01
   4.402000    0.927089092301E+00   14.053244    0.100009955015E+01    0.157297501736E-02   -0.403638583777E-01
   4.464000    0.971997367652E+00   14.251177    0.999492667686E+00   -0.801445442216E-02   -0.243155389284E-01
   4.526000    0.101789190927E+01   14.449110    0.999068628559E+00   -0.147134190611E-01   -0.104084710446E-01
   4.588000    0.106366490235E+01   14.647043    0.998911380901E+00   -0.171976753194E-01    0.153912524466E-02
   4.650000    0.110789866727E+01   14.844976    0.999015573901E+00   -0.155517355170E-01    0.116578146150E-01
   4.712000    0.114893419361E+01   15.042909    0.999299186333E+00   -0.110713426345E-01    0.200000376924E-01
   4.774000    0.118654314428E+01   15.240842    0.999643154949E+00   -0.563740408835E-02    0.252378148032E-01
   4.836000    0.121957846521E+01   15.438775    0.999950761156E+00   -0.777872151646E-03    0.269313710070E-01
   4.898000    0.124570991641E+01   15.636708    0.100017508301E+01    0.276590733332E-02    0.257783279010E-01
   4.960000    0.126297897629E+01   15.834641    0.100031930470E+01    0.504433073845E-02    0.224640292380E-01
   5.022000    0.126961982362E+01   16.032574    0.100040189985E+01    0.634915761121E-02    0.180029070723E-01
   5.084000    0.126497641934E+01   16.230507    0.100043168692E+01    0.681972229057E-02    0.131495823514E-01
   5.146000    0.124927208571E+01   16.428440    0.100039893706E+01    0.630236420268E-02    0.862449352622E-02
   5.208000    0.122382675359E+01   16.626373    0.100029756740E+01    0.470096237133E-02    0.485640664280E-02
   5.270000    0.119061784779E+01   16.824306    0.100014244220E+01    0.225033147570E-02    0.214010125541E-02
   5.332000    0.115209286641E+01   17.022239    0.999975247663E+00   -0.390981097160E-03    0.541476419942E-03
   5.394000    0.111074771120E+01   17.220172    0.999843106879E+00   -0.247853779830E-02    0.242697420073E-05
   5.456000    0.106890572647E+01   17.418105    0.999777410194E+00   -0.351640320252E-02    0.339207388664E-03
   5.518000    0.102852195140E+01   17.616038    0.999778052478E+00   -0.350629422708E-02    0.130132934124E-02
   5.580000    0.991096477659E+00   17.813971    0.999821666589E+00   -0.281732576254E-02    0.261952978008E-02
   5.642000    0.957692700876E+00   18.011904    0.999877198443E+00   -0.194007614799E-02    0.402077998744E-02
   5.704000    0.928948582785E+00   18.209837    0.999926246810E+00   -0.116524417680E-02    0.529242211449E-02
   5.766000    0.905191171447E+00   18.407770    0.999966838316E+00   -0.523993503740E-03    0.625669202512E-02
   5.828000    0.886466824108E+00   18.605703    0.100000773688E+01    0.122125139571E-03    0.682930544993E-02
   5.890000    0.872662418330E+00   18.803636    0.100005232323E+01    0.826502710931E-03    0.696429796331E-02
   5.952000    0.863516546080E+00   19.001569    0.100009293420E+01    0.146816642941E-02    0.669952183427E-02
   6.014000    0.858713422896E+00   19.199502    0.100011365569E+01    0.179553555228E-02    0.608941682126E-02
   6.076000    0.857872868454E+00   19.397435    0.100010455759E+01    0.165181650679E-02    0.523979550423E-02
   6.138000    0.860614034167E+00   19.595368    0.100006895327E+01    0.108936407208E-02    0.424574590336E-02
   6.200000    0.866534335534E+00   19.793301    0.100002353555E+01    0.371874009684E-03    0.322017434625E-02
   6.262000    0.875249373874E+00   19.991234    0.999986419277E+00   -0.214473952636E-03    0.224716786003E-02
   6.324000    0.886370211219E+00   20.189167    0.999967936111E+00   -0.506466219347E-03    0.140606140380E-02
   6.386000    0.899525948195E+00   20.387100    0.999965267949E+00   -0.548622505168E-03    0.742793113217E-03
   6.448000    0.914345121330E+00   20.585033    0.999968680285E+00   -0.494702628499E-03    0.288709995427E-03
   6.510000    0.930465820073E+00   20.782966    0.999969152002E+00   -0.487267283423E-03    0.475530455438E-04
   6.572000    0.947524045002E+00   20.980899    0.999966127205E+00   -0.535075337981E-03    0.766505256890E-05
   6.634000    0.965155257122E+00   21.178832    0.999965579544E+00   -0.543747398228E-03    0.140604967566E-03
   6.696000    0.982991147237E+00   21.376765    0.999974601935E+00   -0.401232709977E-03    0.406269158997E-03
   6.758000    0.100065636909E+01   21.574698    0.999993334391E+00   -0.105303219042E-03    0.759349644265E-03
   6.820000    0.101777466332E+01   21.772631    0.100001474502E+01    0.232949605968E-03    0.114802572558E-02
   6.882000    0.103396446746E+01   21.970564    0.100002863209E+01    0.452345425512E-03    0.152528938845E-02
   6.944000    0.104885432722E+01   22.168497    0.100002982279E+01    0.471197144301E-03    0.184270522760E-02
   7.006000    0.106207969097E+01   22.366430    0.100002058831E+01    0.325320783420E-03    0.206441844426E-02
   7.068000    0.107330571493E+01   22.564363    0.100000903974E+01    0.142848040523E-03    0.215789236609E-02
   7.130000    0.108222445082E+01   22.762296    0.100000214692E+01    0.339849734295E-04    0.211061279805E-02
   7.192000    0.108857546416E+01   22.960229    0.100000188917E+01    0.299703483962E-04    0.192581614565E-02
   7.254000    0.109214916685E+01   23.158162    0.100000415436E+01    0.657771996197E-04    0.163492567636E-02
   7.316000    0.109282406879E+01   23.356095    0.100000356087E+01    0.563875070098E-04    0.127810961038E-02
   7.378000    0.109057779812E+01   23.554028    0.999997508291E+00   -0.392885750087E-04    0.906185135131E-03
   7.440000    0.108551343082E+01   23.751961    0.999988967258E+00   -0.174286594319E-03    0.562851126878E-03
   7.502000    0.107785585210E+01   23.949894    0.999983443757E+00   -0.261656479151E-03    0.286266904214E-03
   7.564000    0.106795109008E+01   24.147827    0.999985084186E+00   -0.235851587868E-03    0.985814802934E-04
   7.626000    0.105624108557E+01   24.345760    0.999992809454E+00   -0.113904633012E-03    0.922587178200E-05
   7.688000    0.104323749059E+01   24.543693    0.100000176422E+01    0.274933943412E-04    0.126029638466E-04
   7.750000    0.102948518889E+01   24.741626    0.100000655871E+01    0.103203321468E-03    0.922161329837E-04
   7.812000    0.101552707516E+01   24.939559    0.100000567506E+01    0.892475064098E-04    0.224391432045E-03
   7.874000    0.100187395319E+01   25.137492    0.100000160954E+01    0.250421002943E-04    0.381149934315E-03
   7.936000    0.988977376163E+00   25.335425    0.999998910879E+00   -0.172057088664E-04    0.536710310007E-03
   7.998000    0.977216715202E+00   25.533358    0.100000011555E+01    0.186211788881E-05    0.667345750546E-03
   8.060000    0.966886734506E+00   25.731291    0.100000427167E+01    0.675539869451E-04    0.757882769633E-03
   8.122000    0.958201074509E+00   25.929224    0.100000760370E+01    0.120229122270E-03    0.798082904914E-03
   8.184000    0.951291570790E+00   26.127157    0.100000704036E+01    0.111357322916E-03    0.787732547171E-03
   8.246000    0.946221081906E+00   26.325090    0.100000228373E+01    0.362326059680E-04    0.730528581799E-03
   8.308000    0.942988292824E+00   26.523023    0.999996429703E+00   -0.562423095634E-04    0.637641903180E-03
   8.370000    0.941542680680E+00   26.720956    0.999993156090E+00   -0.107970067347E-03    0.520890602422E-03
   8.432000    0.941790115094E+00   26.918889    0.999994276260E+00   -0.902841987806E-04    0.395329139823E-03
   8.494000    0.943605667405E+00   27.116822    0.999998155633E+00   -0.290377452470E-04    0.273386636075E-03
   8.556000    0.946837914158E+00   27.314755    0.100000154869E+01    0.245215618426E-04    0.167011496474E-03
   8.618000    0.951318068703E+00   27.512688    0.100000190118E+01    0.300517603610E-04    0.837683539879E-04
   8.680000    0.956862857421E+00   27.710621    0.999999541574E+00   -0.725313863643E-05    0.287137634917E-04
   8.742000    0.963280190644E+00   27.908554    0.999996861165E+00   -0.496007937275E-04    0.266198225367E-05
   8.804000    0.970371328946E+00   28.106487    0.999996553472E+00   -0.544437288341E-04    0.365243414460E-05
   8.866000    0.977934096531E+00   28.304420    0.999999166676E+00   -0.131677667305E-04    0.270399992175E-04
   8.928000    0.985765291154E+00   28.502353    0.100000300658E+01    0.475120567184E-04    0.663048093360E-04
   8.990000    0.993662621901E+00   28.700287    0.100000523696E+01    0.827473316202E-04    0.114377041459E-03
   9.052000    0.100142811466E+01   28.898220    0.100000435133E+01    0.687534896365E-04    0.163612134590E-03
   9.114000    0.100886978239E+01   29.096153    0.100000104189E+01    0.164772079188E-04    0.207747917429E-03
   9.176000    0.101580636000E+01   29.294086    0.999997840248E+00   -0.340956579013E-04    0.241026332339E-03
   9.238000    0.102206927321E+01   29.492019    0.999996866294E+00   -0.494782433718E-04    0.260289682817E-03
   9.300000    0.102750846313E+01   29.689952    0.999998475522E+00   -0.240563727435E-04    0.263388479923E-03
   9.362000    0.103199464986E+01   29.887885    0.100000090735E+01    0.143546753393E-04    0.251070583875E-03
   9.424000    0.103542541301E+01   30.085818    0.100000204125E+01    0.322717201678E-04    0.224929261381E-03
   9.486000    0.103772718148E+01   30.283751    0.100000089467E+01    0.141429847111E-04    0.188882769211E-03
   9.548000    0.103886029860E+01   30.481684    0.999998524309E+00   -0.233210571970E-04    0.146971850980E-03
   9.610000    0.103881974998E+01   30.679617    0.999996885005E+00   -0.492357233637E-04    0.104342421449E-03
   9.672000    0.103763772650E+01   30.877550    0.999997433134E+00   -0.405934834967E-04    0.652426806573E-04
   9.734000    0.103538197379E+01   31.075483    0.999999801328E+00   -0.319038196629E-05    0.336501926141E-04
   9.796000    0.103215464978E+01   31.273416    0.100000230917E+01    0.364284524420E-04    0.119161372107E-04
   9.858000    0.102808772939E+01   31.471349    0.100000311083E+01    0.490957379496E-04    0.125701177665E-05
   9.920000    0.102333808101E+01   31.669282    0.100000178776E+01    0.282476821694E-04    0.127630339664E-05
   9.982000    0.101808057026E+01   31.867215    0.999999459132E+00   -0.853550685817E-05    0.103757461126E-04
  10.044000    0.101250062551E+01   32.065148    0.999997994408E+00   -0.316723342841E-04    0.260707499382E-04
  10.106000    0.100678668177E+01   32.263081    0.999998379740E+00   -0.255801316040E-04    0.452121491300E-04
  10.168000    0.100112232239E+01   32.461014    0.100000014902E+01    0.237196988534E-05    0.647944898948E-04
  10.230000    0.995680019355E+00   32.658947    0.100000169205E+01    0.267508121734E-04    0.818347153236E-04
  10.292000    0.990614776341E+00   32.856880    0.100000174100E+01    0.275254358123E-04    0.943279401249E-04
  10.354000    0.986060452599E+00   33.054813    0.100000022267E+01    0.353872653962E-05    0.100715396865E-03
  10.416000    0.982125982517E+00   33.252746    0.999998402467E+00   -0.252058246817E-04    0.100740929877E-03
  10.478000    0.978894558410E+00   33.450679    0.999997707230E+00   -0.361947565350E-04    0.945877407491E-04
  10.540000    0.976422432537E+00   33.648612    0.999998723930E+00   -0.201418397469E-04    0.835393973244E-04
  10.602000    0.974740336345E+00   33.846545    0.100000063833E+01    0.100928489083E-04    0.689815980718E-04
  10.664000    0.973854226459E+00   34.044478    0.100000202510E+01    0.319907620882E-04    0.528869635136E-04
  10.726000    0.973747975639E+00   34.242411    0.100000184708E+01    0.291748310401E-04    0.369078902575E-04
  10.788000    0.974385206762E+00   34.440344    0.100000036214E+01    0.571945931063E-05    0.227458492623E-04
  10.850000    0.975712371221E+00   34.638277    0.999998759361E+00   -0.195979068430E-04    0.115054354718E-04
  10.912000    0.977661026317E+00   34.836210    0.999998299705E+00   -0.268376231891E-04    0.398949282658E-05
  10.974000    0.980150754821E+00   35.034143    0.999999223264E+00   -0.122444357655E-04    0.384204379485E-06
  11.036000    0.983091524797E+00   35.232076    0.100000071119E+01    0.112540110015E-04    0.479880197975E-06
  11.098000    0.986386243874E+00   35.430009    0.100000149349E+01    0.236178668986E-04    0.366096462967E-05
  11.160000    0.989933125689E+00   35.627942    0.100000097746E+01    0.154802383063E-04    0.902324881711E-05
  11.222000    0.993627916606E+00   35.825875    0.999999596035E+00   -0.633319522113E-05    0.155820869013E-04
  11.284000    0.997366296837E+00   36.023808    0.999998518839E+00   -0.233478983765E-04    0.222547881976E-04
  11.346000    0.100104590859E+01   36.221741    0.999998608854E+00   -0.219348482737E-04    0.281823293119E-04
  11.408000    0.100456882114E+01   36.419674    0.999999831865E+00   -0.262046621494E-05    0.325671937547E-04
  11.470000    0.100784343049E+01   36.617607    0.100000121627E+01    0.192222299616E-04    0.350185772210E-04
  11.532000    0.101078689929E+01   36.815540    0.100000171295E+01    0.270367852209E-04    0.352677348558E-04
  11.594000    0.101332685495E+01   37.013473    0.100000093993E+01    0.147937146884E-04    0.334779591558E-04
  11.656000    0.101540356155E+01   37.211406    0.999999543006E+00   -0.730188076078E-05    0.298877699026E-04
  11.718000    0.101697119803E+01   37.409339    0.999998582699E+00   -0.224899848235E-04    0.250599736587E-04
  11.780000    0.101799940728E+01   37.607272    0.999998765562E+00   -0.196063521028E-04    0.195182824843E-04
  11.842000    0.101847385091E+01   37.805205    0.999999835648E+00   -0.270076444055E-05    0.139347094921E-04
  11.904000    0.101839678151E+01   38.003138    0.100000088744E+01    0.140225981094E-04    0.882368560383E-05
  11.966000    0.101778663239E+01   38.201071    0.100000107160E+01    0.169368001708E-04    0.467934491597E-05
  12.028000    0.101667740799E+01   38.399004    0.100000030280E+01    0.479543957487E-05    0.177428778553E-05
  12.090000    0.101511721619E+01   38.596937    0.999999254240E+00   -0.117643839235E-04    0.258900165049E-06
  12.152000    0.101316652787E+01   38.794870    0.999998844235E+00   -0.182393184115E-04    0.825663431409E-07
  12.214000    0.101089586583E+01   38.992803    0.999999426362E+00   -0.904007374387E-05    0.105792441032E-05
  12.276000    0.100838322666E+01   39.190736    0.100000057108E+01    0.904580259561E-05    0.289153999556E-05
  12.338000    0.100571131698E+01   39.388669    0.100000135728E+01    0.214653665460E-04    0.520507560741E-05
