    1         0.464843E+07        0.464843E+07        0.464843E+07
    2         0.398152E+07        0.398152E+07        0.398152E+07
    3         0.341036E+07        0.341036E+07        0.341036E+07
    4         0.292112E+07        0.292112E+07        0.292112E+07
    5         0.250190E+07        0.250190E+07        0.250190E+07
    6         0.214245E+07        0.214245E+07        0.214245E+07
    7         0.183404E+07        0.183404E+07        0.183404E+07
    8         0.156938E+07        0.156938E+07        0.156938E+07
    9         0.134247E+07        0.134247E+07        0.134247E+07
   10         0.114841E+07        0.114841E+07        0.114841E+07
   11         0.983122E+06        0.983122E+06        0.983122E+06
   12         0.843092E+06        0.843092E+06        0.843092E+06
   13         0.725091E+06        0.725091E+06        0.725091E+06
   14         0.626049E+06        0.626049E+06        0.626049E+06
   15         0.543016E+06        0.543016E+06        0.543016E+06
   16         0.473203E+06        0.473203E+06        0.473203E+06
   17         0.414072E+06        0.414072E+06        0.414072E+06
   18         0.363416E+06        0.363416E+06        0.363416E+06
   19         0.319422E+06        0.319422E+06        0.319422E+06
   20         0.280680E+06        0.280680E+06        0.280680E+06
   21         0.246158E+06        0.246158E+06        0.246158E+06
   22         0.215145E+06        0.215145E+06        0.215145E+06
   23         0.187175E+06        0.187175E+06        0.187175E+06
   24         0.161958E+06        0.161958E+06        0.161958E+06
   25         0.139305E+06        0.139305E+06        0.139305E+06
   26         0.119083E+06        0.119083E+06        0.119083E+06
   27         0.101172E+06        0.101172E+06        0.101172E+06
   28         0.854482E+05        0.854482E+05        0.854482E+05
   29         0.717694E+05        0.717694E+05        0.717694E+05
   30         0.599760E+05        0.599760E+05        0.599760E+05
   31         0.498942E+05        0.498942E+05        0.498942E+05
   32         0.413426E+05        0.413426E+05        0.413426E+05
   33         0.341392E+05        0.341392E+05        0.341392E+05
   34         0.281079E+05        0.281079E+05        0.281079E+05
   35         0.230833E+05        0.230833E+05        0.230833E+05
   36         0.189144E+05        0.189144E+05        0.189144E+05
   37         0.154661E+05        0.154661E+05        0.154661E+05
   38         0.126204E+05        0.126204E+05        0.126204E+05
   39         0.102753E+05        0.102753E+05        0.102753E+05
   40         0.834443E+04        0.834443E+04        0.834443E+04
   41         0.675511E+04        0.675511E+04        0.675511E+04
   42         0.544692E+04        0.544692E+04        0.544692E+04
   43         0.436996E+04        0.436996E+04        0.436996E+04
   44         0.348322E+04        0.348322E+04        0.348322E+04
   45         0.275318E+04        0.275318E+04        0.275318E+04
   46         0.215242E+04        0.215242E+04        0.215242E+04
   47         0.165861E+04        0.165861E+04        0.165861E+04
   48         0.125347E+04        0.125347E+04        0.125347E+04
   49         0.922053E+03        0.922053E+03        0.922053E+03
   50         0.652086E+03        0.652086E+03        0.652086E+03
   51         0.433452E+03        0.433452E+03        0.433452E+03
   52         0.257775E+03        0.257775E+03        0.257775E+03
   53         0.118086E+03        0.118086E+03        0.118086E+03
   54         0.855350E+01        0.855350E+01        0.855350E+01
   55        -0.757222E+02       -0.757222E+02       -0.757222E+02
   56        -0.138883E+03       -0.138883E+03       -0.138883E+03
   57        -0.184444E+03       -0.184444E+03       -0.184444E+03
   58        -0.215404E+03       -0.215404E+03       -0.215404E+03
   59        -0.234326E+03       -0.234326E+03       -0.234326E+03
   60        -0.243411E+03       -0.243411E+03       -0.243411E+03
   61        -0.244551E+03       -0.244551E+03       -0.244551E+03
   62        -0.239374E+03       -0.239374E+03       -0.239374E+03
   63        -0.229281E+03       -0.229281E+03       -0.229281E+03
   64        -0.215480E+03       -0.215480E+03       -0.215480E+03
   65        -0.199006E+03       -0.199006E+03       -0.199006E+03
   66        -0.180746E+03       -0.180746E+03       -0.180746E+03
   67        -0.161456E+03       -0.161456E+03       -0.161456E+03
   68        -0.141776E+03       -0.141776E+03       -0.141776E+03
   69        -0.122247E+03       -0.122247E+03       -0.122247E+03
   70        -0.103319E+03       -0.103319E+03       -0.103319E+03
   71        -0.853615E+02       -0.853615E+02       -0.853615E+02
   72        -0.686772E+02       -0.686772E+02       -0.686772E+02
   73        -0.535057E+02       -0.535057E+02       -0.535057E+02
   74        -0.400331E+02       -0.400331E+02       -0.400331E+02
   75        -0.283985E+02       -0.283985E+02       -0.283985E+02
   76        -0.187000E+02       -0.187000E+02       -0.187000E+02
   77        -0.110005E+02       -0.110005E+02       -0.110005E+02
   78        -0.533230E+01       -0.533230E+01       -0.533230E+01
   79        -0.170164E+01       -0.170164E+01       -0.170164E+01
   80        -0.929916E-01       -0.929916E-01       -0.929916E-01
   81         0.000000E+00        0.000000E+00        0.000000E+00
   82         0.000000E+00        0.000000E+00        0.000000E+00
   83         0.000000E+00        0.000000E+00        0.000000E+00
   84         0.000000E+00        0.000000E+00        0.000000E+00
   85         0.000000E+00        0.000000E+00        0.000000E+00
   86         0.000000E+00        0.000000E+00        0.000000E+00
   87         0.000000E+00        0.000000E+00        0.000000E+00
   88         0.000000E+00        0.000000E+00        0.000000E+00
   89         0.000000E+00        0.000000E+00        0.000000E+00
   90         0.000000E+00        0.000000E+00        0.000000E+00
   91         0.000000E+00        0.000000E+00        0.000000E+00
   92         0.000000E+00        0.000000E+00        0.000000E+00
   93         0.000000E+00        0.000000E+00        0.000000E+00
   94         0.000000E+00        0.000000E+00        0.000000E+00
   95         0.000000E+00        0.000000E+00        0.000000E+00
   96         0.000000E+00        0.000000E+00        0.000000E+00
   97         0.000000E+00        0.000000E+00        0.000000E+00
   98         0.000000E+00        0.000000E+00        0.000000E+00
   99         0.000000E+00        0.000000E+00        0.000000E+00
  100         0.000000E+00        0.000000E+00        0.000000E+00
  101         0.000000E+00        0.000000E+00        0.000000E+00
  102         0.000000E+00        0.000000E+00        0.000000E+00
  103         0.000000E+00        0.000000E+00        0.000000E+00
  104         0.000000E+00        0.000000E+00        0.000000E+00
  105         0.000000E+00        0.000000E+00        0.000000E+00
  106         0.000000E+00        0.000000E+00        0.000000E+00
  107         0.000000E+00        0.000000E+00        0.000000E+00
  108         0.000000E+00        0.000000E+00        0.000000E+00
  109         0.000000E+00        0.000000E+00        0.000000E+00
  110         0.000000E+00        0.000000E+00        0.000000E+00
  111         0.000000E+00        0.000000E+00        0.000000E+00
  112         0.000000E+00        0.000000E+00        0.000000E+00
  113         0.000000E+00        0.000000E+00        0.000000E+00
  114         0.000000E+00        0.000000E+00        0.000000E+00
  115         0.000000E+00        0.000000E+00        0.000000E+00
  116         0.000000E+00        0.000000E+00        0.000000E+00
  117         0.000000E+00        0.000000E+00        0.000000E+00
  118         0.000000E+00        0.000000E+00        0.000000E+00
  119         0.000000E+00        0.000000E+00        0.000000E+00
  120         0.000000E+00        0.000000E+00        0.000000E+00
  121         0.000000E+00        0.000000E+00        0.000000E+00
  122         0.000000E+00        0.000000E+00        0.000000E+00
  123         0.000000E+00        0.000000E+00        0.000000E+00
  124         0.000000E+00        0.000000E+00        0.000000E+00
  125         0.000000E+00        0.000000E+00        0.000000E+00
  126         0.000000E+00        0.000000E+00        0.000000E+00
  127         0.000000E+00        0.000000E+00        0.000000E+00
  128         0.000000E+00        0.000000E+00        0.000000E+00
  129         0.000000E+00        0.000000E+00        0.000000E+00
  130         0.000000E+00        0.000000E+00        0.000000E+00
  131         0.000000E+00        0.000000E+00        0.000000E+00
  132         0.000000E+00        0.000000E+00        0.000000E+00
  133         0.000000E+00        0.000000E+00        0.000000E+00
  134         0.000000E+00        0.000000E+00        0.000000E+00
  135         0.000000E+00        0.000000E+00        0.000000E+00
  136         0.000000E+00        0.000000E+00        0.000000E+00
  137         0.000000E+00        0.000000E+00        0.000000E+00
  138         0.000000E+00        0.000000E+00        0.000000E+00
  139         0.000000E+00        0.000000E+00        0.000000E+00
  140         0.000000E+00        0.000000E+00        0.000000E+00
  141         0.000000E+00        0.000000E+00        0.000000E+00
  142         0.000000E+00        0.000000E+00        0.000000E+00
  143         0.000000E+00        0.000000E+00        0.000000E+00
  144         0.000000E+00        0.000000E+00        0.000000E+00
  145         0.000000E+00        0.000000E+00        0.000000E+00
  146         0.000000E+00        0.000000E+00        0.000000E+00
  147         0.000000E+00        0.000000E+00        0.000000E+00
  148         0.000000E+00        0.000000E+00        0.000000E+00
  149         0.000000E+00        0.000000E+00        0.000000E+00
  150         0.000000E+00        0.000000E+00        0.000000E+00
  151         0.000000E+00        0.000000E+00        0.000000E+00
  152         0.000000E+00        0.000000E+00        0.000000E+00
  153         0.000000E+00        0.000000E+00        0.000000E+00
  154         0.000000E+00        0.000000E+00        0.000000E+00
  155         0.000000E+00        0.000000E+00        0.000000E+00
  156         0.000000E+00        0.000000E+00        0.000000E+00
  157         0.000000E+00        0.000000E+00        0.000000E+00
  158         0.000000E+00        0.000000E+00        0.000000E+00
  159         0.000000E+00        0.000000E+00        0.000000E+00
  160         0.000000E+00        0.000000E+00        0.000000E+00
  161         0.000000E+00        0.000000E+00        0.000000E+00
  162         0.000000E+00        0.000000E+00        0.000000E+00
  163         0.000000E+00        0.000000E+00        0.000000E+00
  164         0.000000E+00        0.000000E+00        0.000000E+00
  165         0.000000E+00        0.000000E+00        0.000000E+00
  166         0.000000E+00        0.000000E+00        0.000000E+00
  167         0.000000E+00        0.000000E+00        0.000000E+00
  168         0.000000E+00        0.000000E+00        0.000000E+00
  169         0.000000E+00        0.000000E+00        0.000000E+00
  170         0.000000E+00        0.000000E+00        0.000000E+00
  171         0.000000E+00        0.000000E+00        0.000000E+00
  172         0.000000E+00        0.000000E+00        0.000000E+00
  173         0.000000E+00        0.000000E+00        0.000000E+00
  174         0.000000E+00        0.000000E+00        0.000000E+00
  175         0.000000E+00        0.000000E+00        0.000000E+00
  176         0.000000E+00        0.000000E+00        0.000000E+00
  177         0.000000E+00        0.000000E+00        0.000000E+00
  178         0.000000E+00        0.000000E+00        0.000000E+00
  179         0.000000E+00        0.000000E+00        0.000000E+00
  180         0.000000E+00        0.000000E+00        0.000000E+00
  181         0.000000E+00        0.000000E+00        0.000000E+00
  182         0.000000E+00        0.000000E+00        0.000000E+00
  183         0.000000E+00        0.000000E+00        0.000000E+00
  184         0.000000E+00        0.000000E+00        0.000000E+00
  185         0.000000E+00        0.000000E+00        0.000000E+00
  186         0.000000E+00        0.000000E+00        0.000000E+00
  187         0.000000E+00        0.000000E+00        0.000000E+00
  188         0.000000E+00        0.000000E+00        0.000000E+00
  189         0.000000E+00        0.000000E+00        0.000000E+00
  190         0.000000E+00        0.000000E+00        0.000000E+00
  191         0.000000E+00        0.000000E+00        0.000000E+00
  192         0.000000E+00        0.000000E+00        0.000000E+00
  193         0.000000E+00        0.000000E+00        0.000000E+00
  194         0.000000E+00        0.000000E+00        0.000000E+00
  195         0.000000E+00        0.000000E+00        0.000000E+00
  196         0.000000E+00        0.000000E+00        0.000000E+00
  197         0.000000E+00        0.000000E+00        0.000000E+00
  198         0.000000E+00        0.000000E+00        0.000000E+00
  199         0.000000E+00        0.000000E+00        0.000000E+00
  200         0.000000E+00        0.000000E+00        0.000000E+00
