   52.886019012545511     
   52.778030254526662     
   52.457900938612205     
   51.937213072754702     
   51.233476576529846     
   50.368219159028151     
   49.364819266905009     
   48.246566462350131     
   47.035193314938468     
   45.749967521012856     
   44.407319198559584     
   43.020856785274255     
   41.601626650419995     
   40.158510091609749     
   38.698657303225737     
   37.227893981986888     
   35.751069228193501     
   34.272332532238501     
   32.795352929645347     
   31.323476770944541     
   29.859832785170688     
   28.407404384799626     
   26.969074208366777     
   25.547648174105980     
   24.145865121256968     
   22.766397722563866     
   21.411848347675345     
   20.084741141402070     
   18.787512554728156     
   17.522502169833682     
   16.291943579901659     
   15.097955985613059     
   13.942536577673415     
   12.827554911354083     
   11.754745676021036     
   10.725700605394069     
   9.7418607746227668     
   8.8045052716924985     
   7.9147354230629832     
   7.0734541492406464     
   6.2813404951064928     
   5.5388209457808362     
   4.8460387481777696     
   4.2028284308432466     
   3.6087034754471583     
   3.0628599715790514     
   2.5641974506494036     
   2.1113526103901203     
   1.7027387928248356     
   1.3365840084377376     
   1.0109613365466310     
  0.72381292333764602     
  0.47297181318498194     
  0.25618179681217057     
   7.1118767229030697E-002
  -8.4585159211536740E-002
 -0.21331456016209646     
 -0.31744188696398307     
 -0.39929937767399454     
 -0.46115255060419552     
 -0.50517631168866073     
 -0.53343541939262629     
 -0.54786966616013744     
 -0.55028352401485303     
 -0.54234009570680219     
 -0.52555830905796441     
 -0.50131425062320611     
 -0.47084483400676563     
 -0.43525286174225364     
 -0.39551397106950414     
 -0.35248457134459810     
 -0.30691029582952623     
 -0.25943490447946421     
 -0.21060990798619758     
 -0.16090660567138232     
 -0.11073342250607830     
  -6.0463629231751116E-002
  -1.0478957200375106E-002
   3.8768859954749192E-002
   8.6684785695074359E-002
  0.13246227506882599     
  0.17504512408837783     
  0.21314371809152793     
  0.24531886742210829     
  0.27012747215270944     
  0.28630426266937048     
  0.29294220160593060     
  0.28963358415969631     
  0.27654469171289714     
  0.25441343015822393     
  0.22447644247796220     
  0.18834465231318312     
  0.14785236923925785     
  0.10490402919964112     
   6.1337976718505355E-002
   1.8819482668470978E-002
  -2.1231840282997398E-002
  -5.7680980760286465E-002
  -8.9687675237257070E-002
 -0.11669429157550744     
 -0.13839841088397783     
 -0.15471680048437242     
 -0.16574606082844920     
 -0.17172376639829620     
 -0.17299271235189900     
 -0.16996966522333151     
 -0.16311936472701558     
 -0.15293357189536713     
 -0.13991481533628233     
 -0.12456423564418384     
 -0.10737288055959494     
  -8.8815694939588866E-002
  -6.9347637270141371E-002
  -4.9401326791054176E-002
  -2.9385878541983476E-002
  -9.6864398890913264E-003
   9.3358841475725748E-003
   2.7344024824625616E-002
   4.4025267313715699E-002
   5.9092383496435551E-002
   7.2286106410738737E-002
   8.3379170581155682E-002
   9.2181498152204874E-002
   9.8545409129851880E-002
  0.10236979710786225     
  0.10360287690276795     
  0.10224431968225921     
   9.8347980506286972E-002
   9.2025996620908559E-002
   8.3453707586065948E-002
   7.2873554658211964E-002
   6.0595474195907349E-002
   4.6992032737588563E-002
   3.2487125876294883E-002
   1.7538778596440575E-002
   2.6177028936170098E-003
  -1.1815909541032656E-002
  -2.5334739020363383E-002
  -3.7563601360110485E-002
  -4.8193957161960524E-002
  -5.6992850957392566E-002
  -6.3806319208813675E-002
  -6.8557883720346061E-002
  -7.1243083029498250E-002
  -7.1921228258666148E-002
  -7.0705483073560282E-002
  -6.7752383612955117E-002
  -6.3251473233221153E-002
  -5.7415645112453319E-002
  -5.0472544876751811E-002
  -4.2657197944838132E-002
  -3.4205839803913653E-002
  -2.5350888898411951E-002
  -1.6316897621318327E-002
  -7.3173438464988333E-003
   1.4479432858772144E-003
   9.7948774222803882E-003
   1.7556860487366044E-002
   2.4586287789013461E-002
   3.0755884700557776E-002
   3.5959922502769491E-002
   4.0115314451471665E-002
   4.3162566982609424E-002
   4.5066503160348874E-002
   4.5816772382791138E-002
   4.5428020005528438E-002
   4.3939726160357677E-002
   4.1415667597650599E-002
   3.7942922995451482E-002
   3.3630253470210501E-002
   2.8605790172073823E-002
   2.3014015518809661E-002
   1.7012120230441866E-002
   1.0765754148294457E-002
   4.4442942618345997E-003
  -1.7842133634512116E-003
  -7.7582135334971040E-003
  -1.3327639566181706E-002
  -1.8358531702587774E-002
  -2.2736969630388824E-002
  -2.6372078400948587E-002
  -2.9197999736585774E-002
  -3.1174761149907453E-002
  -3.2288049677297079E-002
  -3.2548007777918400E-002
  -3.1987202262087865E-002
  -3.0658008779622364E-002
  -2.8629581130041742E-002
  -2.5984622009187292E-002
  -2.2816127340053585E-002
  -1.9224252960447809E-002
  -1.5313379593233570E-002
  -1.1189451231490755E-002
  -6.9575717157734042E-003
  -2.7199293169828864E-003
   1.4260159816535415E-003
   5.3891347632558902E-003
   9.0859956084503434E-003
   1.2442052161318759E-002
   1.5392663547528334E-002
   1.7883965488753803E-002
   1.9873587566172097E-002
   2.1331206831997594E-002
   2.2238913230661357E-002
   2.2591391140611670E-002
   2.2395868107555183E-002
   2.1671822033018855E-002
   2.0450418593222931E-002
   1.8773686650573562E-002
   1.6693428197413526E-002
   1.4269863055471061E-002
   1.1570033053053232E-002
   8.6660487101456688E-003
   5.6331864837022936E-003
   2.5479144074107211E-003
  -5.1409194249988515E-004
  -3.4798690492982127E-003
  -6.2809608492482511E-003
  -8.8550541109078153E-003
  -1.1147389255861355E-002
  -1.3111898117335844E-002
  -1.4712052778672201E-002
  -1.5921411874224980E-002
  -1.6723848788625532E-002
  -1.7113480393023656E-002
  -1.7094307031205090E-002
  -1.6679635814330407E-002
  -1.5891293913663583E-002
  -1.4758685687252800E-002
  -1.3317743843109235E-002
  -1.1609821706169534E-002
  -9.6805506856607673E-003
  -7.5787003402038719E-003
  -5.3550563800549948E-003
  -3.0613492550839098E-003
  -7.4923009134772629E-004
   1.5306985863764377E-003
   3.7297884907405484E-003
   5.8021850436659732E-003
   7.7055999194355438E-003
   9.4020166417131609E-003
   1.0858326203796859E-002
   1.2046877986974751E-002
   1.2945936707731098E-002
   1.3540059067470646E-002
   1.3820354410086623E-002
   1.3784632201590021E-002
   1.3437419767964811E-002
   1.2789855560398234E-002
   1.1859446500467920E-002
   1.0669686213245107E-002
   9.2495333893850892E-003
   7.6327793818896277E-003
   5.8572955094134830E-003
   3.9641831819772844E-003
   1.9968442670507021E-003
