   1.798000    0.107647224468E-11    5.740057    0.905906519013E+00   -0.180252953638E+01    0.450797976870E+02
   1.860000    0.260197197122E-09    5.937990    0.882518170856E+00   -0.225058452761E+01    0.383615564161E+02
   1.922000    0.266452993003E-07    6.135923    0.886000343872E+00   -0.218388957170E+01    0.325386315194E+02
   1.984000    0.126870402539E-05    6.333856    0.913511193254E+00   -0.165687278850E+01    0.275200712689E+02
   2.046000    0.308290079190E-04    6.531789    0.958874232658E+00   -0.787852655857E+00    0.232146272148E+02
   2.108000    0.418310802893E-03    6.729722    0.101109052845E+01    0.212464522617E+00    0.195340472115E+02
   2.170000    0.344858426616E-02    6.927655    0.105439061227E+01    0.104197650036E+01    0.163955057787E+02
   2.232000    0.186557135033E-01    7.125588    0.107459079508E+01    0.142895590571E+01    0.137234754158E+02
   2.294000    0.709368457103E-01    7.323521    0.106819471356E+01    0.130642054365E+01    0.114504806440E+02
   2.356000    0.201301221710E+00    7.521454    0.104459650877E+01    0.854341734953E+00    0.951769676988E+01
   2.418000    0.448917070534E+00    7.719387    0.101663009689E+01    0.318584423939E+00    0.787437824652E+01
   2.480000    0.821762222261E+00    7.917320    0.992135596286E+00   -0.150658165330E+00    0.647765032838E+01
   2.542000    0.128060153673E+01    8.115253    0.974005476660E+00   -0.497977421402E+00    0.529149544379E+01
   2.604000    0.175077297941E+01    8.313186    0.964020696977E+00   -0.689256306704E+00    0.428598467212E+01
   2.666000    0.215374021621E+01    8.511119    0.963445337314E+00   -0.700279038529E+00    0.343562480493E+01
   2.728000    0.243102484063E+01    8.709052    0.971883815554E+00   -0.538623680890E+00    0.272039204534E+01
   2.790000    0.256214989004E+01    8.906985    0.986479887276E+00   -0.259006340104E+00    0.212201400757E+01
   2.852000    0.255771402859E+01    9.104918    0.100250080263E+01    0.479080200925E-01    0.162508366249E+01
   2.914000    0.244672446712E+01    9.302851    0.101491235956E+01    0.285678197591E+00    0.121660202322E+01
   2.976000    0.226532920087E+01    9.500784    0.102066488068E+01    0.395880243113E+00    0.885017868562E+00
   3.038000    0.204674774105E+01    9.698718    0.101984142366E+01    0.380104788002E+00    0.620330777026E+00
   3.100000    0.181764846181E+01    9.896651    0.101478063745E+01    0.283154305311E+00    0.413416309800E+00
   3.162000    0.159634567704E+01   10.094584    0.100794199386E+01    0.152145539468E+00    0.256094268491E+00
   3.224000    0.139412799722E+01   10.292517    0.100086526597E+01    0.165761849916E-01    0.140700986493E+00
   3.286000    0.121657232237E+01   10.490450    0.994538330854E+00   -0.104629247768E+00    0.601427140079E-01
   3.348000    0.106545542959E+01   10.688383    0.990062820920E+00   -0.190366913937E+00    0.771467307152E-02
   3.410000    0.940126493036E+00   10.886316    0.988450382306E+00   -0.221256681031E+00   -0.228460282673E-01
   3.472000    0.838586743114E+00   11.084249    0.990018241063E+00   -0.191221324246E+00   -0.372789500543E-01
   3.534000    0.758294777237E+00   11.282182    0.994001980187E+00   -0.114904882256E+00   -0.407603491627E-01
   3.596000    0.696505906605E+00   11.480115    0.998846948503E+00   -0.220896887483E-01   -0.376217937881E-01
   3.658000    0.650679069565E+00   11.678048    0.100291174136E+01    0.557797465107E-01   -0.314150948435E-01
   3.720000    0.618434122999E+00   11.875981    0.100523642871E+01    0.100313867534E+00   -0.246128405879E-01
   3.782000    0.597780027897E+00   12.073914    0.100577746249E+01    0.110678432834E+00   -0.189039537945E-01
   3.844000    0.586926243145E+00   12.271847    0.100507291103E+01    0.971812511057E-01   -0.150143575613E-01
   3.906000    0.584447678203E+00   12.469780    0.100365546460E+01    0.700271753405E-01   -0.131961485981E-01
   3.968000    0.589068107617E+00   12.667713    0.100182213013E+01    0.349066915848E-01   -0.131271017646E-01
   4.030000    0.599801500947E+00   12.865646    0.999785193937E+00   -0.411483068674E-02   -0.144021098794E-01
   4.092000    0.615751107105E+00   13.063579    0.997922945487E+00   -0.397898961530E-01   -0.164019575436E-01
   4.154000    0.636238232238E+00   13.261512    0.996730532538E+00   -0.626329260239E-01   -0.186626238291E-01
   4.216000    0.660630490656E+00   13.459445    0.996558797544E+00   -0.659228056011E-01   -0.206921001760E-01
   4.278000    0.688456807173E+00   13.657378    0.997360819617E+00   -0.505584055325E-01   -0.222109844111E-01
   4.340000    0.719267556680E+00   13.855311    0.998712862941E+00   -0.246572710314E-01   -0.229622855871E-01
   4.402000    0.752728774232E+00   14.053244    0.100005166017E+01    0.990066715796E-03   -0.228594481636E-01
   4.464000    0.788518013408E+00   14.251177    0.100098722743E+01    0.189127593281E-01   -0.218342299080E-01
   4.526000    0.826393011615E+00   14.449110    0.100143335486E+01    0.274591233533E-01   -0.199243454522E-01
   4.588000    0.866115870869E+00   14.647043    0.100152356606E+01    0.291871658715E-01   -0.171691945622E-01
   4.650000    0.907488995287E+00   14.844976    0.100139706752E+01    0.267637102352E-01   -0.136586758329E-01
   4.712000    0.950291627118E+00   15.042909    0.100109019567E+01    0.208848890442E-01   -0.947629278039E-02
   4.774000    0.994253892613E+00   15.240842    0.100058276727E+01    0.111640764603E-01   -0.471525643332E-02
   4.836000    0.103897303717E+01   15.438775    0.999935689528E+00   -0.123206305292E-02    0.537154044994E-03
   4.898000    0.108380295527E+01   15.636708    0.999330234014E+00   -0.128308475467E-01    0.620974395799E-02
   4.960000    0.112775334546E+01   15.834641    0.998983121948E+00   -0.194803950850E-01    0.122358689677E-01
   5.022000    0.116910955874E+01   16.032574    0.998997057430E+00   -0.192133998106E-01    0.188037404844E-01
   5.084000    0.120505185987E+01   16.230507    0.999300330532E+00   -0.134035604006E-01    0.266220490946E-01
   5.146000    0.123406727298E+01   16.428440    0.999701899558E+00   -0.571067262682E-02    0.350042407488E-01
   5.208000    0.125929853294E+01   16.626373    0.100002919263E+01    0.559329571732E-03    0.395732786988E-01
   5.270000    0.128016652866E+01   16.824306    0.100021938823E+01    0.420294159550E-02    0.393145488615E-01
   5.332000    0.129361219193E+01   17.022239    0.100031726463E+01    0.607795452853E-02    0.355039808233E-01
   5.394000    0.129726279094E+01   17.220172    0.100038372831E+01    0.735117143832E-02    0.293770810740E-01
   5.456000    0.128953418722E+01   17.418105    0.100042373034E+01    0.811751442820E-02    0.222633927857E-01
   5.518000    0.127022281526E+01   17.616038    0.100038499187E+01    0.737534493327E-02    0.152206359657E-01
   5.580000    0.124034140069E+01   17.813971    0.100023165560E+01    0.443779615544E-02    0.908911693017E-02
   5.642000    0.120195793076E+01   18.011904    0.999999764340E+00   -0.463734221177E-05    0.439199468938E-02
   5.704000    0.115773062203E+01   18.209837    0.999789675104E+00   -0.402939161607E-02    0.138970007731E-02
   5.766000    0.111050771609E+01   18.407770    0.999691956575E+00   -0.590141276827E-02    0.857010439536E-04
   5.828000    0.106295073132E+01   18.605703    0.999726223119E+00   -0.524497292846E-02    0.288179765469E-03
   5.890000    0.101730364728E+01   18.803636    0.999833415543E+00   -0.319147376237E-02    0.166279905023E-02
   5.952000    0.975281553244E+00   19.001569    0.999933112685E+00   -0.128134892028E-02    0.379623962777E-02
   6.014000    0.938060433965E+00   19.199502    0.999983499921E+00   -0.316033446009E-03    0.625899629852E-02
   6.076000    0.906337040660E+00   19.397435    0.100000333993E+01    0.640716790109E-04    0.865552361542E-02
   6.138000    0.880414447755E+00   19.595368    0.100003421988E+01    0.655659874138E-03    0.106675023400E-01
   6.200000    0.860299428665E+00   19.793301    0.100009184120E+01    0.175953317726E-02    0.120757603390E-01
   6.262000    0.845787967775E+00   19.991234    0.100014538821E+01    0.278534619798E-02    0.127692974578E-01
   6.324000    0.836537106339E+00   20.189167    0.100014977118E+01    0.286929936306E-02    0.127379834170E-01
   6.386000    0.832120864739E+00   20.387100    0.100008939358E+01    0.171261010717E-02    0.120535798421E-01
   6.448000    0.832068719349E+00   20.585033    0.999997743089E+00   -0.431250113422E-04    0.108474210800E-01
   6.510000    0.835895630546E+00   20.782966    0.999928944512E+00   -0.136113331070E-02    0.928185290511E-02
   6.572000    0.843117357884E+00   20.980899    0.999915839938E+00   -0.161220947254E-02    0.752985767573E-02
   6.634000    0.853264504448E+00   21.178832    0.999945920472E+00   -0.103598624243E-02    0.575232369740E-02
   6.696000    0.865885376106E+00   21.376765    0.999979844047E+00   -0.386132637334E-03    0.408821482814E-02
   6.758000    0.880551410659E+00   21.574698    0.999987156781E+00   -0.246041664237E-03    0.264309733735E-02
   6.820000    0.896854386585E+00   21.772631    0.999972220387E+00   -0.532183419573E-03    0.148931847762E-02
   6.882000    0.914407352029E+00   21.970564    0.999963413276E+00   -0.700906658533E-03    0.663922408641E-03
   6.944000    0.932840210405E+00   22.168497    0.999983444840E+00   -0.317076618623E-03    0.174255628648E-03
   7.006000    0.951798435245E+00   22.366430    0.100002485477E+01    0.476247261606E-03    0.123647245176E-05
   7.068000    0.970939289086E+00   22.564363    0.100005785917E+01    0.110852764647E-02    0.106048604502E-03
   7.130000    0.989929680470E+00   22.762296    0.100005704016E+01    0.109280325977E-02    0.435528159608E-03
   7.192000    0.100844453227E+01   22.960229    0.100002526986E+01    0.484230961437E-03    0.927404667292E-03
   7.254000    0.102616502725E+01   23.158162    0.999988996108E+00   -0.210590202875E-03    0.151602808427E-02
   7.316000    0.104278034603E+01   23.356095    0.999975086646E+00   -0.477043454017E-03    0.213526704142E-02
   7.378000    0.105798801900E+01   23.554028    0.999987346894E+00   -0.242210679844E-03    0.272389057533E-02
   7.440000    0.107150083243E+01   23.751961    0.100000701559E+01    0.134532009316E-03    0.322625905692E-02
   7.502000    0.108305127670E+01   23.949894    0.100001122973E+01    0.215123374599E-03    0.359726028854E-02
   7.564000    0.109240359526E+01   24.147827    0.999995124036E+00   -0.936000939257E-04    0.380142767260E-02
   7.626000    0.109935987948E+01   24.345760    0.999974264151E+00   -0.493410603803E-03    0.381757652815E-02
   7.688000    0.110377134511E+01   24.543693    0.999969659035E+00   -0.581814962257E-03    0.363714716494E-02
   7.750000    0.110553889058E+01   24.741626    0.999986989119E+00   -0.249947034149E-03    0.327004478521E-02
   7.812000    0.110461186820E+01   24.939559    0.100001249291E+01    0.238559694771E-03    0.275026817417E-02
   7.874000    0.110098956991E+01   25.137492    0.100002547868E+01    0.487325124045E-03    0.213847102634E-02
   7.936000    0.109474264102E+01   25.335425    0.100001775614E+01    0.340155985806E-03    0.150647390420E-02
   7.998000    0.108602735494E+01   25.533358    0.999999337255E+00   -0.125974374802E-04    0.926993152085E-03
   8.060000    0.107509917873E+01   25.731291    0.999988416102E+00   -0.221733573268E-03    0.460256935149E-03
   8.122000    0.106231124800E+01   25.929224    0.999993931586E+00   -0.116015023126E-03    0.148072209739E-03
   8.184000    0.104810429145E+01   26.127157    0.100000884945E+01    0.169800372107E-03    0.844361933930E-05
   8.246000    0.103298254707E+01   26.325090    0.100001722283E+01    0.330215971307E-03    0.363062862494E-04
   8.308000    0.101748311719E+01   26.523023    0.100001002378E+01    0.192277693908E-03    0.206194182647E-03
   8.370000    0.100214181475E+01   26.720956    0.999992707213E+00   -0.139508124909E-03    0.477644037325E-03
   8.432000    0.987460348842E+00   26.918889    0.999980242709E+00   -0.378314270568E-03    0.802513099085E-03
   8.494000    0.973880878501E+00   27.116822    0.999982669280E+00   -0.331891051864E-03    0.113106804719E-02
   8.556000    0.961766503804E+00   27.314755    0.999996843578E+00   -0.604142321314E-04    0.141954828376E-02
   8.618000    0.951393348910E+00   27.512688    0.100000963853E+01    0.184649760350E-03    0.163336087898E-02
   8.680000    0.942947278717E+00   27.710621    0.100001084001E+01    0.207640605883E-03    0.175175470918E-02
   8.742000    0.936530446796E+00   27.908554    0.100000153697E+01    0.294379260542E-04    0.176669928099E-02
   8.804000    0.932168206648E+00   28.106487    0.999992499372E+00   -0.143707592081E-03    0.168396441231E-02
   8.866000    0.929822246903E+00   28.304420    0.999993061972E+00   -0.132946417831E-03    0.151868175859E-02
   8.928000    0.929400652535E+00   28.502353    0.100000293620E+01    0.562652536980E-04    0.129412562452E-02
   8.990000    0.930771320069E+00   28.700287    0.100001255348E+01    0.240513653694E-03    0.103623912883E-02
   9.052000    0.933770793978E+00   28.898220    0.100001267394E+01    0.242826775115E-03    0.772014928640E-03
   9.114000    0.938214810636E+00   29.096153    0.100000254904E+01    0.488594484213E-04    0.525055412542E-03
   9.176000    0.943904524468E+00   29.294086    0.999990751432E+00   -0.177144051598E-03    0.314843123848E-03
   9.238000    0.950633554989E+00   29.492019    0.999986794407E+00   -0.252939491198E-03    0.154344163132E-03
   9.300000    0.958191756797E+00   29.689952    0.999993009347E+00   -0.133878444222E-03    0.504649263499E-04
   9.362000    0.966369350048E+00   29.887885    0.100000268726E+01    0.515152765112E-04    0.365824017687E-05
   9.424000    0.974959158280E+00   30.085818    0.100000711580E+01    0.136375236410E-03    0.915511760438E-05
   9.486000    0.983758840847E+00   30.283751    0.100000325475E+01    0.623892796378E-04    0.579485360038E-04
   9.548000    0.992572570464E+00   30.481684    0.999996242780E+00   -0.719709674904E-04    0.138159320158E-03
   9.610000    0.100121236522E+01   30.679617    0.999993669504E+00   -0.121303846520E-03    0.236656409439E-03
   9.672000    0.100950001604E+01   30.877550    0.999998558834E+00   -0.276741590352E-04    0.340030177991E-03
   9.734000    0.101726830489E+01   31.075483    0.100000641947E+01    0.122892685109E-03    0.436261868276E-03
   9.796000    0.102436359251E+01   31.273416    0.100000993460E+01    0.190219761120E-03    0.515026592031E-03
   9.858000    0.103064731292E+01   31.471349    0.100000555189E+01    0.106251796184E-03    0.569057653922E-03
   9.920000    0.103599920654E+01   31.669282    0.999996925356E+00   -0.588936360588E-04    0.593740227104E-03
   9.982000    0.104031905091E+01   31.867215    0.999991192042E+00   -0.168715919459E-03    0.588018987744E-03
  10.044000    0.104353006329E+01   32.065148    0.999992706660E+00   -0.139692353328E-03    0.553411886406E-03
  10.106000    0.104558035978E+01   32.263081    0.999999179787E+00   -0.156816912779E-04    0.494455681941E-03
  10.168000    0.104644574873E+01   32.461014    0.100000446181E+01    0.855096210891E-04    0.417352835760E-03
  10.230000    0.104613030888E+01   32.658947    0.100000414873E+01    0.795151198972E-04    0.330035261718E-03
  10.292000    0.104466779022E+01   32.856880    0.999999593118E+00   -0.775889539313E-05    0.240698935269E-03
  10.354000    0.104212085113E+01   33.054813    0.999995930625E+00   -0.779299560822E-04    0.157610040909E-03
  10.416000    0.103858059578E+01   33.252746    0.999997175302E+00   -0.540638055203E-04    0.877728508477E-04
  10.478000    0.103416401884E+01   33.450679    0.100000226437E+01    0.434184490044E-04    0.366491769826E-04
  10.540000    0.102901110748E+01   33.648612    0.100000639967E+01    0.122625924034E-03    0.729608883575E-05
  10.602000    0.102328025485E+01   33.846545    0.100000545117E+01    0.104440051271E-03    0.349102030710E-06
  10.664000    0.101714318386E+01   34.044478    0.999999986159E+00   -0.268563495616E-06    0.139473309094E-04
  10.726000    0.101077903332E+01   34.242411    0.999994506513E+00   -0.105245949683E-03    0.441211282881E-04
  10.788000    0.100436809109E+01   34.440344    0.999993483022E+00   -0.124856177465E-03    0.854403877969E-04
  10.850000    0.998085749324E+00   34.638277    0.999997240082E+00   -0.528872041117E-04    0.131608696197E-03
  10.912000    0.992096481727E+00   34.836210    0.100000212014E+01    0.406431271127E-04    0.176459352444E-03
  10.974000    0.986549033797E+00   35.034143    0.100000389045E+01    0.745648025034E-04    0.214392559921E-03
  11.036000    0.981571919725E+00   35.232076    0.100000170124E+01    0.326316201261E-04    0.241274530663E-03
  11.098000    0.977270738081E+00   35.430009    0.999998372456E+00   -0.311466301744E-04    0.254433391161E-03
  11.160000    0.973725960131E+00   35.627942    0.999997584298E+00   -0.462356596592E-04    0.253179762142E-03
  11.222000    0.970992645196E+00   35.825875    0.100000018344E+01    0.358050856233E-05    0.238314109268E-03
  11.284000    0.969100423852E+00   36.023808    0.100000362413E+01    0.695043404468E-04    0.212244356244E-03
  11.346000    0.968055140387E+00   36.221741    0.100000434708E+01    0.833514793287E-04    0.178190248044E-03
  11.408000    0.967840453161E+00   36.419674    0.100000131558E+01    0.252872602247E-04    0.140066689447E-03
  11.470000    0.968420588498E+00   36.617607    0.999996871006E+00   -0.598886725288E-04    0.101674966455E-03
  11.532000    0.969742736308E+00   36.815540    0.999994698836E+00   -0.101549461702E-03    0.665691885898E-04
  11.594000    0.971740081281E+00   37.013473    0.999996387661E+00   -0.692544630720E-04    0.374774230391E-04
  11.656000    0.974334356975E+00   37.211406    0.100000025472E+01    0.476569025054E-05    0.162943568670E-04
  11.718000    0.977438615963E+00   37.409339    0.100000293213E+01    0.560109807939E-04    0.384014186287E-05
  11.780000    0.980959541194E+00   37.607272    0.100000257190E+01    0.490771517978E-04    0.266784460200E-08
  11.842000    0.984799724104E+00   37.805205    0.100000021192E+01    0.384803196534E-05    0.380365225218E-05
  11.904000    0.988859645966E+00   38.003138    0.999998610573E+00   -0.266130830124E-04    0.136208947235E-04
  11.966000    0.993039514320E+00   38.201071    0.999999435993E+00   -0.107870819036E-04    0.274461468568E-04
  12.028000    0.997240985466E+00   38.399004    0.100000177953E+01    0.341187910859E-04    0.430838265021E-04
  12.090000    0.100136865568E+01   38.596937    0.100000306971E+01    0.588411424218E-04    0.584675854082E-04
  12.152000    0.100533170074E+01   38.794870    0.100000168575E+01    0.323316161487E-04    0.717507631810E-04
  12.214000    0.100904521166E+01   38.992803    0.999998451405E+00   -0.296265158753E-04    0.815789730622E-04
  12.276000    0.101243176294E+01   39.190736    0.999996003310E+00   -0.765266666585E-04    0.870369410359E-04
  12.338000    0.101542263939E+01   39.388669    0.999996308141E+00   -0.706944563333E-04    0.878257288469E-04
