    1         0.348394E+08        0.348394E+08        0.348394E+08
    2         0.273578E+08        0.273578E+08        0.273578E+08
    3         0.214831E+08        0.214831E+08        0.214831E+08
    4         0.168702E+08        0.168702E+08        0.168702E+08
    5         0.132478E+08        0.132478E+08        0.132478E+08
    6         0.104030E+08        0.104030E+08        0.104030E+08
    7         0.816855E+07        0.816855E+07        0.816855E+07
    8         0.641331E+07        0.641331E+07        0.641331E+07
    9         0.503442E+07        0.503442E+07        0.503442E+07
   10         0.395134E+07        0.395134E+07        0.395134E+07
   11         0.310093E+07        0.310093E+07        0.310093E+07
   12         0.243368E+07        0.243368E+07        0.243368E+07
   13         0.191060E+07        0.191060E+07        0.191060E+07
   14         0.150093E+07        0.150093E+07        0.150093E+07
   15         0.118034E+07        0.118034E+07        0.118034E+07
   16         0.929525E+06        0.929525E+06        0.929525E+06
   17         0.733215E+06        0.733215E+06        0.733215E+06
   18         0.579360E+06        0.579360E+06        0.579360E+06
   19         0.458502E+06        0.458502E+06        0.458502E+06
   20         0.363272E+06        0.363272E+06        0.363272E+06
   21         0.287960E+06        0.287960E+06        0.287960E+06
   22         0.228176E+06        0.228176E+06        0.228176E+06
   23         0.180553E+06        0.180553E+06        0.180553E+06
   24         0.142514E+06        0.142514E+06        0.142514E+06
   25         0.112081E+06        0.112081E+06        0.112081E+06
   26         0.877244E+05        0.877244E+05        0.877244E+05
   27         0.682530E+05        0.682530E+05        0.682530E+05
   28         0.527257E+05        0.527257E+05        0.527257E+05
   29         0.403909E+05        0.403909E+05        0.403909E+05
   30         0.306413E+05        0.306413E+05        0.306413E+05
   31         0.229819E+05        0.229819E+05        0.229819E+05
   32         0.170067E+05        0.170067E+05        0.170067E+05
   33         0.123822E+05        0.123822E+05        0.123822E+05
   34         0.883428E+04        0.883428E+04        0.883428E+04
   35         0.613852E+04        0.613852E+04        0.613852E+04
   36         0.411217E+04        0.411217E+04        0.411217E+04
   37         0.260736E+04        0.260736E+04        0.260736E+04
   38         0.150542E+04        0.150542E+04        0.150542E+04
   39         0.711889E+03        0.711889E+03        0.711889E+03
   40         0.152256E+03        0.152256E+03        0.152256E+03
   41        -0.231723E+03       -0.231723E+03       -0.231723E+03
   42        -0.485165E+03       -0.485165E+03       -0.485165E+03
   43        -0.642701E+03       -0.642701E+03       -0.642701E+03
   44        -0.730668E+03       -0.730668E+03       -0.730668E+03
   45        -0.768918E+03       -0.768918E+03       -0.768918E+03
   46        -0.772277E+03       -0.772277E+03       -0.772277E+03
   47        -0.751719E+03       -0.751719E+03       -0.751719E+03
   48        -0.715290E+03       -0.715290E+03       -0.715290E+03
   49        -0.668836E+03       -0.668836E+03       -0.668836E+03
   50        -0.616563E+03       -0.616563E+03       -0.616563E+03
   51        -0.561467E+03       -0.561467E+03       -0.561467E+03
   52        -0.505660E+03       -0.505660E+03       -0.505660E+03
   53        -0.450616E+03       -0.450616E+03       -0.450616E+03
   54        -0.397350E+03       -0.397350E+03       -0.397350E+03
   55        -0.346554E+03       -0.346554E+03       -0.346554E+03
   56        -0.298695E+03       -0.298695E+03       -0.298695E+03
   57        -0.254079E+03       -0.254079E+03       -0.254079E+03
   58        -0.212906E+03       -0.212906E+03       -0.212906E+03
   59        -0.175301E+03       -0.175301E+03       -0.175301E+03
   60        -0.141341E+03       -0.141341E+03       -0.141341E+03
   61        -0.111064E+03       -0.111064E+03       -0.111064E+03
   62        -0.844848E+02       -0.844848E+02       -0.844848E+02
   63        -0.616002E+02       -0.616002E+02       -0.616002E+02
   64        -0.423913E+02       -0.423913E+02       -0.423913E+02
   65        -0.268269E+02       -0.268269E+02       -0.268269E+02
   66        -0.148643E+02       -0.148643E+02       -0.148643E+02
   67        -0.645040E+01       -0.645040E+01       -0.645040E+01
   68        -0.152146E+01       -0.152146E+01       -0.152146E+01
   69         0.000000E+00        0.000000E+00        0.000000E+00
   70         0.000000E+00        0.000000E+00        0.000000E+00
   71         0.000000E+00        0.000000E+00        0.000000E+00
   72         0.000000E+00        0.000000E+00        0.000000E+00
   73         0.000000E+00        0.000000E+00        0.000000E+00
   74         0.000000E+00        0.000000E+00        0.000000E+00
   75         0.000000E+00        0.000000E+00        0.000000E+00
   76         0.000000E+00        0.000000E+00        0.000000E+00
   77         0.000000E+00        0.000000E+00        0.000000E+00
   78         0.000000E+00        0.000000E+00        0.000000E+00
   79         0.000000E+00        0.000000E+00        0.000000E+00
   80         0.000000E+00        0.000000E+00        0.000000E+00
   81         0.000000E+00        0.000000E+00        0.000000E+00
   82         0.000000E+00        0.000000E+00        0.000000E+00
   83         0.000000E+00        0.000000E+00        0.000000E+00
   84         0.000000E+00        0.000000E+00        0.000000E+00
   85         0.000000E+00        0.000000E+00        0.000000E+00
   86         0.000000E+00        0.000000E+00        0.000000E+00
   87         0.000000E+00        0.000000E+00        0.000000E+00
   88         0.000000E+00        0.000000E+00        0.000000E+00
   89         0.000000E+00        0.000000E+00        0.000000E+00
   90         0.000000E+00        0.000000E+00        0.000000E+00
   91         0.000000E+00        0.000000E+00        0.000000E+00
   92         0.000000E+00        0.000000E+00        0.000000E+00
   93         0.000000E+00        0.000000E+00        0.000000E+00
   94         0.000000E+00        0.000000E+00        0.000000E+00
   95         0.000000E+00        0.000000E+00        0.000000E+00
   96         0.000000E+00        0.000000E+00        0.000000E+00
   97         0.000000E+00        0.000000E+00        0.000000E+00
   98         0.000000E+00        0.000000E+00        0.000000E+00
   99         0.000000E+00        0.000000E+00        0.000000E+00
  100         0.000000E+00        0.000000E+00        0.000000E+00
  101         0.000000E+00        0.000000E+00        0.000000E+00
  102         0.000000E+00        0.000000E+00        0.000000E+00
  103         0.000000E+00        0.000000E+00        0.000000E+00
  104         0.000000E+00        0.000000E+00        0.000000E+00
  105         0.000000E+00        0.000000E+00        0.000000E+00
  106         0.000000E+00        0.000000E+00        0.000000E+00
  107         0.000000E+00        0.000000E+00        0.000000E+00
  108         0.000000E+00        0.000000E+00        0.000000E+00
  109         0.000000E+00        0.000000E+00        0.000000E+00
  110         0.000000E+00        0.000000E+00        0.000000E+00
  111         0.000000E+00        0.000000E+00        0.000000E+00
  112         0.000000E+00        0.000000E+00        0.000000E+00
  113         0.000000E+00        0.000000E+00        0.000000E+00
  114         0.000000E+00        0.000000E+00        0.000000E+00
  115         0.000000E+00        0.000000E+00        0.000000E+00
  116         0.000000E+00        0.000000E+00        0.000000E+00
  117         0.000000E+00        0.000000E+00        0.000000E+00
  118         0.000000E+00        0.000000E+00        0.000000E+00
  119         0.000000E+00        0.000000E+00        0.000000E+00
  120         0.000000E+00        0.000000E+00        0.000000E+00
  121         0.000000E+00        0.000000E+00        0.000000E+00
  122         0.000000E+00        0.000000E+00        0.000000E+00
  123         0.000000E+00        0.000000E+00        0.000000E+00
  124         0.000000E+00        0.000000E+00        0.000000E+00
  125         0.000000E+00        0.000000E+00        0.000000E+00
  126         0.000000E+00        0.000000E+00        0.000000E+00
  127         0.000000E+00        0.000000E+00        0.000000E+00
  128         0.000000E+00        0.000000E+00        0.000000E+00
  129         0.000000E+00        0.000000E+00        0.000000E+00
  130         0.000000E+00        0.000000E+00        0.000000E+00
  131         0.000000E+00        0.000000E+00        0.000000E+00
  132         0.000000E+00        0.000000E+00        0.000000E+00
  133         0.000000E+00        0.000000E+00        0.000000E+00
  134         0.000000E+00        0.000000E+00        0.000000E+00
  135         0.000000E+00        0.000000E+00        0.000000E+00
  136         0.000000E+00        0.000000E+00        0.000000E+00
  137         0.000000E+00        0.000000E+00        0.000000E+00
  138         0.000000E+00        0.000000E+00        0.000000E+00
  139         0.000000E+00        0.000000E+00        0.000000E+00
  140         0.000000E+00        0.000000E+00        0.000000E+00
  141         0.000000E+00        0.000000E+00        0.000000E+00
  142         0.000000E+00        0.000000E+00        0.000000E+00
  143         0.000000E+00        0.000000E+00        0.000000E+00
  144         0.000000E+00        0.000000E+00        0.000000E+00
  145         0.000000E+00        0.000000E+00        0.000000E+00
  146         0.000000E+00        0.000000E+00        0.000000E+00
  147         0.000000E+00        0.000000E+00        0.000000E+00
  148         0.000000E+00        0.000000E+00        0.000000E+00
  149         0.000000E+00        0.000000E+00        0.000000E+00
  150         0.000000E+00        0.000000E+00        0.000000E+00
  151         0.000000E+00        0.000000E+00        0.000000E+00
  152         0.000000E+00        0.000000E+00        0.000000E+00
  153         0.000000E+00        0.000000E+00        0.000000E+00
  154         0.000000E+00        0.000000E+00        0.000000E+00
  155         0.000000E+00        0.000000E+00        0.000000E+00
  156         0.000000E+00        0.000000E+00        0.000000E+00
  157         0.000000E+00        0.000000E+00        0.000000E+00
  158         0.000000E+00        0.000000E+00        0.000000E+00
  159         0.000000E+00        0.000000E+00        0.000000E+00
  160         0.000000E+00        0.000000E+00        0.000000E+00
  161         0.000000E+00        0.000000E+00        0.000000E+00
  162         0.000000E+00        0.000000E+00        0.000000E+00
  163         0.000000E+00        0.000000E+00        0.000000E+00
  164         0.000000E+00        0.000000E+00        0.000000E+00
  165         0.000000E+00        0.000000E+00        0.000000E+00
  166         0.000000E+00        0.000000E+00        0.000000E+00
  167         0.000000E+00        0.000000E+00        0.000000E+00
  168         0.000000E+00        0.000000E+00        0.000000E+00
  169         0.000000E+00        0.000000E+00        0.000000E+00
  170         0.000000E+00        0.000000E+00        0.000000E+00
  171         0.000000E+00        0.000000E+00        0.000000E+00
  172         0.000000E+00        0.000000E+00        0.000000E+00
  173         0.000000E+00        0.000000E+00        0.000000E+00
  174         0.000000E+00        0.000000E+00        0.000000E+00
  175         0.000000E+00        0.000000E+00        0.000000E+00
  176         0.000000E+00        0.000000E+00        0.000000E+00
  177         0.000000E+00        0.000000E+00        0.000000E+00
  178         0.000000E+00        0.000000E+00        0.000000E+00
  179         0.000000E+00        0.000000E+00        0.000000E+00
  180         0.000000E+00        0.000000E+00        0.000000E+00
  181         0.000000E+00        0.000000E+00        0.000000E+00
  182         0.000000E+00        0.000000E+00        0.000000E+00
  183         0.000000E+00        0.000000E+00        0.000000E+00
  184         0.000000E+00        0.000000E+00        0.000000E+00
  185         0.000000E+00        0.000000E+00        0.000000E+00
  186         0.000000E+00        0.000000E+00        0.000000E+00
  187         0.000000E+00        0.000000E+00        0.000000E+00
  188         0.000000E+00        0.000000E+00        0.000000E+00
  189         0.000000E+00        0.000000E+00        0.000000E+00
  190         0.000000E+00        0.000000E+00        0.000000E+00
  191         0.000000E+00        0.000000E+00        0.000000E+00
  192         0.000000E+00        0.000000E+00        0.000000E+00
  193         0.000000E+00        0.000000E+00        0.000000E+00
  194         0.000000E+00        0.000000E+00        0.000000E+00
  195         0.000000E+00        0.000000E+00        0.000000E+00
  196         0.000000E+00        0.000000E+00        0.000000E+00
  197         0.000000E+00        0.000000E+00        0.000000E+00
  198         0.000000E+00        0.000000E+00        0.000000E+00
  199         0.000000E+00        0.000000E+00        0.000000E+00
  200         0.000000E+00        0.000000E+00        0.000000E+00
