   59.896246576188808     
   59.685910857698644     
   59.070208607690702     
   58.091850531703344     
   56.811131849075508     
   55.294492926013696     
   53.604717406265323     
   51.794919079704293     
   49.906416574366148     
   47.969389927987315     
   46.004961319258548     
   44.027610212188939     
   42.047318687136823     
   40.071234160625167     
   38.104835920197033     
   36.152690096725024     
   34.218903383554540     
   32.307372652903481     
   30.421911689776756     
   28.566298432458421     
   26.744276698180141     
   24.959539017633109     
   23.215699759384471     
   21.516265798909014     
   19.864608536481246     
   18.263940421003070     
   16.717295268267868     
   15.227513660873708     
   13.797235074538552     
   12.428897047258637     
   11.124741289520470     
   9.8868273041073156     
   8.7170497921470016     
   7.6171520074548695     
   6.5887139206518057     
   5.6330978135050707     
   4.7513406279570187     
   3.9439985557405981     
   3.2109832619470313     
   2.5514468394146719     
   1.9637589766975343     
   1.4455742091974610     
  0.99394445197889336     
  0.60542771243937465     
  0.27617315204014026     
   1.9875430598245403E-003
 -0.22159734125945527     
 -0.39924299302672223     
 -0.53570540126137534     
 -0.63572655198507277     
 -0.70392930195523140     
 -0.74472505510342901     
 -0.76224067365078130     
 -0.76026849376598982     
 -0.74223801857513616     
 -0.71120587008086711     
 -0.66986017827776256     
 -0.62053531374390158     
 -0.56523409194408569     
 -0.50565395795013846     
 -0.44321518016687600     
 -0.37908945960180263     
 -0.31422789768439613     
 -0.24938722692750337     
 -0.18515402479592918     
 -0.12196630500315542     
  -6.0134108269741721E-002
   1.3712250673203407E-004
   5.8706329249259018E-002
  0.11540832903667972     
  0.16987727437966560     
  0.22127297898824935     
  0.26798840808105912     
  0.30751272901230137     
  0.33663218857744892     
  0.35201764145634623     
  0.35104117384355010     
  0.33252504563677732     
  0.29714874571426686     
  0.24739577353766912     
  0.18710676626166525     
  0.12082252979057079     
   5.3118558023098381E-002
  -1.1922826606932110E-002
  -7.1037545221710519E-002
 -0.12190702738416734     
 -0.16313276266026738     
 -0.19411600270316964     
 -0.21489464562756472     
 -0.22597498264726743     
 -0.22818099412758533     
 -0.22253097715714942     
 -0.21014336986636983     
 -0.19216882333474369     
 -0.16974373794187242     
 -0.14395995654629845     
 -0.11584618315971629     
  -8.6357370353277951E-002
  -5.6369573389285943E-002
  -2.6678247018856092E-002
   2.0011398582942411E-003
   2.9030901899149607E-002
   5.3847752516422841E-002
   7.5958544083413904E-002
   9.4935735371066809E-002
  0.11041402063677010     
  0.12209061807963231     
  0.12973163659358419     
  0.13318510421692673     
  0.13239665656253885     
  0.12742032921057647     
  0.11841960470978953     
  0.10566377203479076     
   8.9530729783043550E-002
   7.0521759164932363E-002
   4.9280140094243439E-002
   2.6596775548416839E-002
   3.3879706099053386E-003
  -1.9358137456380247E-002
  -4.0657582827397849E-002
  -5.9612514092468899E-002
  -7.5482117665387941E-002
  -8.7730772445354849E-002
  -9.6048798079753639E-002
 -0.10034791847561184     
 -0.10073765046303704     
  -9.7490349761072848E-002
  -9.1001857558205668E-002
  -8.1753131524608808E-002
  -7.0276010352926688E-002
  -5.7124775046095019E-002
  -4.2853567621162721E-002
  -2.7999159247736827E-002
  -1.3068153717800448E-002
   1.4723534248820237E-003
   1.5201579566599411E-002
   2.7750025107692065E-002
   3.8803145076936954E-002
   4.8104082434667371E-002
   5.5455644492761733E-002
   6.0721656947126931E-002
   6.3827649862253977E-002
   6.4760839009580962E-002
   6.3569210427222772E-002
   6.0359575764411436E-002
   5.5294414242403063E-002
   4.8587469522665343E-002
   4.0497978024416487E-002
   3.1323727677735100E-002
   2.1392821453439754E-002
   1.1053972730839152E-002
   6.6544999579539680E-004
  -9.4169286214717644E-003
  -1.8852442647205828E-002
  -2.7328418977770240E-002
  -3.4572888989708395E-002
  -4.0366090129105019E-002
  -4.4549772567273813E-002
  -4.7033299199859289E-002
  -4.7795780319566383E-002
  -4.6884065385609741E-002
  -4.4406895410963480E-002
  -4.0526095655655965E-002
  -3.5445766636333996E-002
  -2.9400616737998580E-002
  -2.2644349913066415E-002
  -1.5438834298971462E-002
  -8.0444519616082611E-003
  -7.1184356263673319E-004
   6.3249575090322660E-003
   1.2854090698224198E-002
   1.8690289887424598E-002
   2.3678319484945518E-002
   2.7695536576171891E-002
   3.0653673056617165E-002
   3.2499849711609095E-002
   3.3216842334281543E-002
   3.2822540746626286E-002
   3.1368587102334033E-002
   2.8938107249468513E-002
   2.5642597084768633E-002
   2.1617935658276251E-002
   1.7019632155971780E-002
   1.2017407649027267E-002
   6.7893095647093482E-003
   1.5155499757084888E-003
  -3.6277018561264068E-003
  -8.4743164020931790E-003
  -1.2873714074345621E-002
  -1.6695673262967076E-002
  -1.9834242341166163E-002
  -2.2210594875388547E-002
  -2.3774754489040855E-002
  -2.4506131884681263E-002
  -2.4412964686360866E-002
  -2.3530672482933581E-002
  -2.1919290199432406E-002
  -1.9660140068641120E-002
  -1.6851957721678530E-002
  -1.3606660147005394E-002
  -1.0044983576955432E-002
  -6.2921594645729377E-003
  -2.4738009200283720E-003
   1.2879091105818829E-003
   4.8776453544979387E-003
   8.1899450765235051E-003
   1.1131773054970148E-002
   1.3624638656484991E-002
   1.5606271181036215E-002
   1.7031838578496480E-002
   1.7874712674494416E-002
   1.8126738885314523E-002
   1.7798030468380636E-002
   1.6916244123270401E-002
   1.5525355975092430E-002
   1.3683938102143344E-002
   1.1462998987811088E-002
   8.9434399030862317E-003
   6.2132231724028441E-003
   3.3643510011784079E-003
   4.8979716402109384E-004
  -2.3195176304282926E-003
  -4.9775966637367244E-003
  -7.4059880437578711E-003
  -9.5360642248656421E-003
  -1.1310872381009432E-002
  -1.2686521947024139E-002
  -1.3633048265974970E-002
  -1.4134759924822275E-002
  -1.4190091597993606E-002
  -1.3811016643351780E-002
  -1.3022060097579721E-002
  -1.1858994611204090E-002
  -1.0367277379332724E-002
  -8.6003231422693213E-003
  -6.6176573880732279E-003
  -4.4830256064265312E-003
  -2.2625044556847679E-003
  -2.2665157907457100E-005
   2.1711841337058507E-003
   4.2566474928282952E-003
   6.1757623710185739E-003
   7.8763758688774888E-003
   9.3133555456174875E-003
   1.0449632256611018E-002
   1.1257045743762299E-002
   1.1716984957157285E-002
   1.1820794834716687E-002
   1.1569946925807264E-002
   1.0975948687862240E-002
   1.0059990125365442E-002
   8.8523125211797272E-003
   7.3913312446629549E-003
   5.7225084777689020E-003
   3.8970146511288078E-003
   1.9702094952332482E-003
