   1.674000    0.177635683940E-13    5.344191    0.130127965556E+01    0.382838977479E+01    0.469842996647E+02
   1.736000    0.527684562712E-10    5.542124    0.137310499037E+01    0.474114850077E+01    0.374623740223E+02
   1.798000    0.303295575321E-07    5.740057    0.131217448480E+01    0.396684257016E+01    0.297400650616E+02
   1.860000    0.428084384829E-05    5.937990    0.116517453469E+01    0.209882543575E+01    0.234861231786E+02
   1.922000    0.194695707053E-03    6.135923    0.101961495033E+01    0.249234967046E+00    0.184309183028E+02
   1.984000    0.356501196474E-02    6.333856    0.920052278580E+00   -0.101583839531E+01    0.143536530305E+02
   2.046000    0.315514379220E-01    6.531789    0.861931091504E+00   -0.175431447164E+01    0.110733008002E+02
   2.108000    0.156818559433E+00    6.729722    0.836199660222E+00   -0.208122609524E+01    0.844138996145E+01
   2.170000    0.494822635881E+00    6.927655    0.838390107269E+00   -0.205337843591E+01    0.633666171857E+01
   2.232000    0.109497806638E+01    7.125588    0.865837197009E+00   -0.170465242194E+01    0.466061233062E+01
   2.294000    0.184102051697E+01    7.323521    0.914796449482E+00   -0.108260484085E+01    0.333368279902E+01
   2.356000    0.250853255236E+01    7.521454    0.978513720178E+00   -0.273014373527E+00    0.229128809543E+01
   2.418000    0.291224142081E+01    7.719387    0.104479145151E+01    0.569159526069E+00    0.148252529350E+01
   2.480000    0.300323278030E+01    7.917320    0.109681418009E+01    0.123023347324E+01    0.864070091604E+00
   2.542000    0.284071608328E+01    8.115253    0.111915892870E+01    0.151418360713E+01    0.401517602109E+00
   2.604000    0.252898883142E+01    8.313186    0.110773790908E+01    0.136904246508E+01    0.661237876068E-01
   2.666000    0.216150780596E+01    8.511119    0.107255434850E+01    0.921941599903E+00   -0.165379930101E+00
   2.728000    0.180230949620E+01    8.709052    0.102958648912E+01    0.375944303168E+00   -0.312897688815E+00
   2.790000    0.148453342064E+01    8.906985    0.990688423809E+00   -0.118316521271E+00   -0.393115136346E+00
   2.852000    0.122056070314E+01    9.104918    0.961248363517E+00   -0.492385010577E+00   -0.420909934396E+00
   2.914000    0.101030930128E+01    9.302851    0.942908038338E+00   -0.725412470055E+00   -0.409501768967E+00
   2.976000    0.848150975697E+00    9.500784    0.936416344895E+00   -0.807893292319E+00   -0.371010967027E+00
   3.038000    0.726727586180E+00    9.698718    0.941865145744E+00   -0.738664243301E+00   -0.316525037168E+00
   3.100000    0.638693896578E+00    9.896651    0.957964301742E+00   -0.534113283804E+00   -0.255601230978E+00
   3.162000    0.577854339265E+00   10.094584    0.981367051379E+00   -0.236756850913E+00   -0.196293314865E+00
   3.224000    0.538872440583E+00   10.292517    0.100679936507E+01    0.863966123630E-01   -0.143965773370E+00
   3.286000    0.517735120003E+00   10.490450    0.102803379104E+01    0.356216607814E+00   -0.101978241538E+00
   3.348000    0.510981274057E+00   10.688383    0.104004532258E+01    0.508846184979E+00   -0.708167140474E-01
   3.410000    0.516139716995E+00   10.886316    0.104108735452E+01    0.522086975385E+00   -0.498288817430E-01
   3.472000    0.530944056156E+00   11.084249    0.103320775708E+01    0.421960855800E+00   -0.367621160255E-01
   3.534000    0.553830887103E+00   11.282182    0.102045761692E+01    0.259946608426E+00   -0.296397441651E-01
   3.596000    0.583241397070E+00   11.480115    0.100659568736E+01    0.838076228483E-01   -0.260800811198E-01
   3.658000    0.618140152221E+00   11.678048    0.993979606307E+00   -0.764984038214E-01   -0.246137942651E-01
   3.720000    0.657414911719E+00   11.875981    0.983997733651E+00   -0.203331357923E+00   -0.237749526316E-01
   3.782000    0.700362163880E+00   12.073914    0.977718004228E+00   -0.283123099816E+00   -0.229312908738E-01
   3.844000    0.746187998400E+00   12.271847    0.976014164963E+00   -0.304772637844E+00   -0.214495704983E-01
   3.906000    0.794423376428E+00   12.469780    0.979125364938E+00   -0.265241264081E+00   -0.192477235133E-01
   3.968000    0.844531921953E+00   12.667713    0.986284774353E+00   -0.174271263804E+00   -0.161803996125E-01
   4.030000    0.896221348929E+00   12.865646    0.995668306439E+00   -0.550403421686E-01   -0.123974694590E-01
   4.092000    0.949181279446E+00   13.063579    0.100486031004E+01    0.617577558005E-01   -0.797757134129E-02
   4.154000    0.100324570305E+01   13.261512    0.101162882045E+01    0.147762083883E+00   -0.310220332658E-02
   4.216000    0.105827650416E+01   13.459445    0.101474306601E+01    0.187333340496E+00    0.206584911976E-02
   4.278000    0.111402987315E+01   13.657378    0.101427388583E+01    0.181371584709E+00    0.742556275999E-02
   4.340000    0.116896320413E+01   13.855311    0.101125074350E+01    0.142957882143E+00    0.137612630359E-01
   4.402000    0.122062151161E+01   14.053244    0.100691999325E+01    0.879291531389E-01    0.219139796940E-01
   4.464000    0.126677913880E+01   14.251177    0.100223850683E+01    0.284439005760E-01    0.315119294448E-01
   4.526000    0.130288961656E+01   14.449110    0.997810256451E+00   -0.278236469603E-01    0.429290977194E-01
   4.588000    0.132930322057E+01   14.647043    0.994132720672E+00   -0.745522417420E-01    0.519780086186E-01
   4.650000    0.134988335222E+01   14.844976    0.991730098341E+00   -0.105081161499E+00    0.519998949155E-01
   4.712000    0.135778380809E+01   15.042909    0.991060963412E+00   -0.113583572598E+00    0.451874386413E-01
   4.774000    0.134723526713E+01   15.240842    0.992263596731E+00   -0.983024128089E-01    0.344702038578E-01
   4.836000    0.131558624693E+01   15.438775    0.995000608030E+00   -0.635247036363E-01    0.228656936247E-01
   4.898000    0.126474830740E+01   15.636708    0.998495904683E+00   -0.191117729980E-01    0.125216441678E-01
   4.960000    0.119977730963E+01   15.834641    0.100180465605E+01    0.229308890899E-01    0.496956221282E-02
   5.022000    0.112747657442E+01   16.032574    0.100415373762E+01    0.527794532937E-01    0.839119609042E-03
   5.084000    0.105443434282E+01   16.230507    0.100520462938E+01    0.661326169230E-01    0.112646769313E-03
   5.146000    0.985981641602E+00   16.428440    0.100506647648E+01    0.643771784635E-01    0.219328407364E-02
   5.208000    0.925737773593E+00   16.626373    0.100411001828E+01    0.522239315626E-01    0.612538065308E-02
   5.270000    0.875686238226E+00   16.824306    0.100271216451E+01    0.344621055209E-01    0.108392039886E-01
   5.332000    0.836584727019E+00   17.022239    0.100113289244E+01    0.143951037760E-01    0.152936952489E-01
   5.394000    0.808286209354E+00   17.220172    0.999540101361E+00   -0.584366153253E-02    0.187222396915E-01
   5.456000    0.790159538362E+00   17.418105    0.998116342794E+00   -0.239345987743E-01    0.206251432874E-01
   5.518000    0.781245630886E+00   17.616038    0.997094869286E+00   -0.369139767276E-01    0.208902712240E-01
   5.580000    0.780498683573E+00   17.813971    0.996701158176E+00   -0.419167254646E-01    0.196410074268E-01
   5.642000    0.786804140479E+00   18.011904    0.997029486713E+00   -0.377448858938E-01    0.172449083384E-01
   5.704000    0.799100412772E+00   18.209837    0.997970254827E+00   -0.257910746939E-01    0.141254177906E-01
   5.766000    0.816345613849E+00   18.407770    0.999227501911E+00   -0.981589638658E-02    0.107489108278E-01
   5.828000    0.837579671288E+00   18.605703    0.100043964438E+01    0.558618424327E-02    0.749554831618E-02
   5.890000    0.861885122810E+00   18.803636    0.100131969655E+01    0.167685929853E-01    0.467383639441E-02
   5.952000    0.888418317609E+00   19.001569    0.100175224327E+01    0.222649059948E-01    0.246698542232E-02
   6.014000    0.916379797443E+00   19.199502    0.100178376749E+01    0.226654813552E-01    0.967677437341E-03
   6.076000    0.945027594371E+00   19.397435    0.100154271232E+01    0.196025230343E-01    0.172305932369E-03
   6.138000    0.973660849486E+00   19.595368    0.100114226307E+01    0.145142220585E-01    0.147552267938E-04
   6.200000    0.100162265767E+01   19.793301    0.100064465693E+01    0.819140167639E-02    0.380574623033E-03
   6.262000    0.102829626562E+01   19.991234    0.100008418835E+01    0.106982943600E-02    0.112835266000E-02
   6.324000    0.105310189746E+01   20.189167    0.999520988073E+00   -0.608645232086E-02    0.210850300396E-02
   6.386000    0.107550267330E+01   20.387100    0.999057680322E+00   -0.119734575733E-01    0.317109215371E-02
   6.448000    0.109499844687E+01   20.585033    0.998810203529E+00   -0.151180003273E-01    0.418343058896E-02
   6.510000    0.111114014946E+01   20.782966    0.998844674826E+00   -0.146800232581E-01    0.502792921983E-02
   6.572000    0.112352813165E+01   20.980899    0.999137296009E+00   -0.109618719516E-01    0.561722580769E-02
   6.634000    0.113184087299E+01   21.178832    0.999577312288E+00   -0.537084140545E-02    0.588658264055E-02
   6.696000    0.113584675934E+01   21.376765    0.100002102283E+01    0.267140524100E-03    0.580690357269E-02
   6.758000    0.113544093573E+01   21.574698    0.100035452823E+01    0.450481431511E-02    0.537566739489E-02
   6.820000    0.113064889885E+01   21.772631    0.100053602634E+01    0.681102407920E-02    0.462854388509E-02
   6.882000    0.112163048043E+01   21.970564    0.100058778030E+01    0.746866178101E-02    0.363597272340E-02
   6.944000    0.110864062614E+01   22.168497    0.100055815925E+01    0.709233441434E-02    0.252880463054E-02
   7.006000    0.109204992599E+01   22.366430    0.100047827027E+01    0.607718043658E-02    0.147363646059E-02
   7.068000    0.107238766760E+01   22.564363    0.100035115322E+01    0.446201734961E-02    0.633519210436E-03
   7.130000    0.105038066501E+01   22.762296    0.100016961753E+01    0.215540439035E-02    0.126801434621E-03
   7.192000    0.102694554086E+01   22.960229    0.999948265749E+00   -0.657178025705E-03    0.711325692436E-05
   7.254000    0.100313655013E+01   23.158162    0.999733803341E+00   -0.338224678544E-02    0.255546426980E-03
   7.316000    0.980052541391E+00   23.356095    0.999589303739E+00   -0.521837739264E-02    0.790188793091E-03
   7.378000    0.958730106634E+00   23.554028    0.999558351308E+00   -0.561174765584E-02    0.148737268630E-02
   7.440000    0.940052272212E+00   23.751961    0.999640845738E+00   -0.456361689051E-02    0.220664086328E-02
   7.502000    0.924684921443E+00   23.949894    0.999792057549E+00   -0.264237262465E-02    0.281956819599E-02
   7.564000    0.913054854770E+00   24.147827    0.999950014428E+00   -0.635429285154E-03    0.322812568050E-02
   7.626000    0.905353719097E+00   24.345760    0.100006746811E+01    0.856876514191E-03    0.338047158201E-02
   7.688000    0.901569290733E+00   24.543693    0.100013244940E+01    0.168246080917E-02    0.327029742540E-02
   7.750000    0.901520999535E+00   24.741626    0.100016131702E+01    0.204920260292E-02    0.293425735389E-02
   7.812000    0.904903506499E+00   24.939559    0.100017689761E+01    0.224714594193E-02    0.243669816484E-02
   7.874000    0.911321462204E+00   25.137492    0.100018568937E+01    0.235887824996E-02    0.185791119006E-02
   7.936000    0.920323522570E+00   25.335425    0.100017521475E+01    0.222636388122E-02    0.127717078060E-02
   7.998000    0.931425536235E+00   25.533358    0.100012820830E+01    0.162913706610E-02    0.763387211171E-03
   8.060000    0.944131341786E+00   25.731291    0.100004365619E+01    0.554833639531E-03    0.365643367537E-03
   8.122000    0.957945608178E+00   25.929224    0.999944090304E+00   -0.710251638499E-03    0.111187568800E-03
   8.184000    0.972385030271E+00   26.127157    0.999865874716E+00   -0.170406526541E-02    0.477869886142E-05
   8.246000    0.986985383097E+00   26.325090    0.999836742997E+00   -0.207421095327E-02    0.324162700210E-04
   8.308000    0.100130775686E+01   26.523023    0.999860248399E+00   -0.177554266988E-02    0.165970159902E-03
   8.370000    0.101494384962E+01   26.720956    0.999914639623E+00   -0.108443644659E-02    0.368791399347E-03
   8.432000    0.102752082974E+01   26.918889    0.999969171073E+00   -0.391541489850E-03    0.601556411433E-03
   8.494000    0.103870719087E+01   27.116822    0.100000287876E+01    0.367228874944E-04    0.826716733695E-03
   8.556000    0.104821788949E+01   27.314755    0.100001565464E+01    0.199012642883E-03    0.101297719076E-02
   8.618000    0.105582103445E+01   27.512688    0.100002214230E+01    0.281403348174E-03    0.113724999670E-02
   8.680000    0.106134296509E+01   27.710621    0.100003695487E+01    0.469579023395E-03    0.118682812960E-02
   8.742000    0.106467432084E+01   27.908554    0.100006061470E+01    0.770184904643E-03    0.115884297971E-02
   8.804000    0.106577328391E+01   28.106487    0.100007934024E+01    0.100811112245E-02    0.106027272993E-02
   8.866000    0.106466860275E+01   28.304420    0.100007590465E+01    0.964483214050E-03    0.905601451920E-03
   8.928000    0.106145875847E+01   28.502353    0.100004482233E+01    0.569571030088E-03    0.715311956153E-03
   8.990000    0.105630983586E+01   28.700287    0.999997697782E+00   -0.292342317531E-04    0.512671829132E-03
   9.052000    0.104944944191E+01   28.898220    0.999956843388E+00   -0.548346389184E-03    0.321516028379E-03
   9.114000    0.104115905921E+01   29.096153    0.999940170999E+00   -0.760183308022E-03    0.163074920863E-03
   9.176000    0.103176352289E+01   29.294086    0.999950490932E+00   -0.629048482527E-03    0.538508885617E-04
   9.238000    0.102161947050E+01   29.492019    0.999974670552E+00   -0.321809867102E-03    0.332123932630E-05
   9.300000    0.101110189267E+01   29.689952    0.999994500544E+00   -0.698473807029E-04    0.128185529121E-04
   9.362000    0.100058986992E+01   29.887885    0.999999165970E+00   -0.105749247642E-04    0.753162191329E-04
   9.424000    0.990451922478E+00   30.085818    0.999992124984E+00   -0.100035995952E-03    0.176600422802E-03
   9.486000    0.981031670909E+00   30.283751    0.999986197611E+00   -0.175370871026E-03    0.297699458631E-03
   9.548000    0.972634787783E+00   30.481684    0.999992751205E+00   -0.921181066647E-04    0.417845843346E-03
   9.610000    0.965517432397E+00   30.679617    0.100001187965E+01    0.150918873250E-03    0.517940684541E-03
   9.672000    0.959877604819E+00   30.877550    0.100003246235E+01    0.412433694227E-03    0.583181363759E-03
   9.734000    0.955849146836E+00   31.075483    0.100004028705E+01    0.511842387818E-03    0.605248370931E-03
   9.796000    0.953499686064E+00   31.273416    0.100002921857E+01    0.371188084450E-03    0.582805913279E-03
   9.858000    0.952831613942E+00   31.471349    0.100000552167E+01    0.700852365735E-04    0.521298479906E-03
   9.920000    0.953786682927E+00   31.669282    0.999983666188E+00   -0.207537465564E-03    0.431239607790E-03
   9.982000    0.956252695581E+00   31.867215    0.999975774767E+00   -0.307803689939E-03    0.326315767846E-03
  10.044000    0.960072244774E+00   32.065148    0.999983786802E+00   -0.205991936002E-03    0.220841692801E-03
  10.106000    0.965052004533E+00   32.263081    0.999998698526E+00   -0.165111568453E-04    0.127765945052E-03
  10.168000    0.970972436223E+00   32.461014    0.100000811050E+01    0.103083701903E-03    0.568641219487E-04
  10.230000    0.977596877648E+00   32.658947    0.100000514976E+01    0.654635276295E-04    0.138445480790E-04
  10.292000    0.984680053792E+00   32.856880    0.999993358942E+00   -0.843574618991E-04    0.367683645056E-09
  10.354000    0.991975623917E+00   33.054813    0.999983136785E+00   -0.214244547455E-03    0.126223869816E-04
  10.416000    0.999242913337E+00   33.252746    0.999983737217E+00   -0.206599616783E-03    0.458524678652E-04
  10.478000    0.100625288739E+01   33.450679    0.999995951363E+00   -0.514075427241E-04    0.918434303605E-04
  10.540000    0.101279345761E+01   33.648612    0.100001184360E+01    0.150517265268E-03    0.142056100019E-03
  10.602000    0.101867435192E+01   33.846545    0.100002058259E+01    0.261548680051E-03    0.188405501904E-03
  10.664000    0.102373144445E+01   34.044478    0.100001668030E+01    0.211953533936E-03    0.224288690744E-03
  10.726000    0.102783073596E+01   34.242411    0.100000357565E+01    0.454318193275E-04    0.245188923923E-03
  10.788000    0.103087165136E+01   34.440344    0.999990982419E+00   -0.114587653990E-03    0.249065355868E-03
  10.850000    0.103278973827E+01   34.638277    0.999987422499E+00   -0.159814282546E-03    0.236271042255E-03
  10.912000    0.103355831275E+01   34.836210    0.999994396236E+00   -0.711665731670E-04    0.209312730670E-03
  10.974000    0.103318908710E+01   35.034143    0.100000555454E+01    0.706042442328E-04    0.172259386155E-03
  11.036000    0.103173137878E+01   35.232076    0.100001193079E+01    0.151632316660E-03    0.130134766731E-03
  11.098000    0.102926998136E+01   35.430009    0.100000847973E+01    0.107800418733E-03    0.881565930467E-04
  11.160000    0.102592156285E+01   35.627942    0.999997795338E+00   -0.279517518161E-04    0.511089650051E-04
  11.222000    0.102182981892E+01   35.825875    0.999987744177E+00   -0.155663160223E-03    0.227514096816E-04
  11.284000    0.101715949131E+01   36.023808    0.999985641218E+00   -0.182392164199E-03    0.545663966896E-05
  11.346000    0.101208964127E+01   36.221741    0.999992741689E+00   -0.921833736181E-04    0.494833714762E-08
  11.408000    0.100680649341E+01   36.419674    0.100000371500E+01    0.472409982268E-04    0.561613825290E-05
  11.470000    0.100149625482E+01   36.617607    0.100001068859E+01    0.135819154355E-03    0.201612895362E-04
  11.532000    0.996338250452E+00   36.815540    0.100000923536E+01    0.117316243942E-03    0.405328396307E-04
  11.594000    0.991498687386E+00   37.013473    0.100000126884E+01    0.160532599889E-04    0.631280250017E-04
  11.656000    0.987125354221E+00   37.211406    0.999993406745E+00   -0.838818093557E-04    0.843499624546E-04
  11.718000    0.983343366681E+00   37.409339    0.999991724599E+00   -0.105284125528E-03    0.101101334087E-03
  11.780000    0.980252106619E+00   37.607272    0.999997426319E+00   -0.328563424470E-04    0.111148081640E-03
  11.842000    0.977923317590E+00   37.805205    0.100000604135E+01    0.766063735311E-04    0.113370615636E-03
  11.904000    0.976400361076E+00   38.003138    0.100001103313E+01    0.140197321793E-03    0.107807301958E-03
  11.966000    0.975698491196E+00   38.201071    0.100000860566E+01    0.109360352147E-03    0.955664085616E-04
  12.028000    0.975806032744E+00   38.399004    0.100000044622E+01    0.569003126981E-05    0.785607920210E-04
  12.090000    0.976686319033E+00   38.596937    0.999992253102E+00   -0.984091996915E-04    0.591846894206E-04
  12.152000    0.978280273303E+00   38.794870    0.999989546042E+00   -0.132802831421E-03    0.399265869722E-04
  12.214000    0.980509446330E+00   38.992803    0.999993601147E+00   -0.812749340634E-04    0.230291710623E-04
  12.276000    0.983279396920E+00   39.190736    0.100000087499E+01    0.111487711652E-04    0.102009444104E-04
  12.338000    0.986483275175E+00   39.388669    0.100000579463E+01    0.736592472134E-04    0.244626196484E-05
